200 0.011529 69.388735
500 0.063675 78.524300
1000 0.250952 79.696395
2000 0.999833 80.013367
5000 6.418951 77.894353
10000 25.798146 77.524950
20000 104.141473 76.818579
200.0 0.02258 35.429317
200.0 0.012025 66.525394
200.0 0.007962 100.483022
200.0 0.007726 103.546775
200.0 0.008351 95.792208
200.0 0.006373 125.526899
200.0 0.007421 107.806381
200.0 0.009242 86.563355
200.0 0.013937 57.401142
500.0 0.092299 54.171726
500.0 0.060727 82.33605
500.0 0.047619 105.000956
500.0 0.033575 148.921707
500.0 0.024789 201.704956
500.0 0.018886 264.748952
500.0 0.022474 222.479398
500.0 0.021131 236.622757
500.0 0.024894 200.852684
1000.0 0.322233 62.066965
1000.0 0.186083 107.479068
1000.0 0.124987 160.017019
1000.0 0.093355 214.235575
1000.0 0.070901 282.081977
1000.0 0.052344 382.089654
1000.0 0.054794 365.002582
1000.0 0.051309 389.792846
1000.0 0.052693 379.559902
2000.0 1.177107 67.963242
2000.0 0.642074 124.596162
2000.0 0.378221 211.516668
2000.0 0.305909 261.515803
2000.0 0.205141 389.975472
2000.0 0.150799 530.506318
2000.0 0.147425 542.647435
2000.0 0.156921 509.811234
2000.0 0.157031 509.453476
5000.0 6.918894 72.26589
5000.0 3.578062 139.740469
5000.0 1.982393 252.220484
5000.0 1.525282 327.808163
5000.0 0.868281 575.850681
5000.0 0.758119 659.526916
5000.0 0.725776 688.917541
5000.0 0.71083 703.403515
5000.0 0.716765 697.578857
10000.0 26.945311 74.224417
10000.0 13.632018 146.713416
10000.0 7.563381 264.431991
10000.0 4.956774 403.488267
10000.0 3.616658 552.996653
10000.0 3.074263 650.56237
10000.0 2.670114 749.031638
10000.0 3.077521 649.873797
10000.0 2.877437 695.062895
20000.0 106.346871 75.225532
20000.0 52.736308 151.698144
20000.0 27.104566 295.153223
20000.0 14.29864 559.493779
20000.0 11.091149 721.295904
20000.0 9.818669 814.774382
20000.0 9.486064 843.342445
20000.0 9.187465 870.751628
20000.0 9.106057 878.536103
