200 0.007789 102.711546
500 0.079903 62.575945
1000 0.227289 87.993605
2000 0.761836 105.009464
5000 4.787165 104.445951
10000 16.708673 119.698316
20000 59.949107 133.446525
200.0 0.010632 75.247482
200.0 0.008154 98.105353
200.0 0.007453 107.339586
200.0 0.00619 129.24426
200.0 0.007599 105.2801
200.0 0.004857 164.697299
200.0 0.004746 168.568719
200.0 0.007353 108.797546
200.0 0.009976 80.192173
500.0 0.046293 108.008679
500.0 0.02993 167.05776
500.0 0.02411 207.382046
500.0 0.021186 236.003639
500.0 0.016549 302.132293
500.0 0.015753 317.397221
500.0 0.018534 269.778733
500.0 0.018045 277.08227
500.0 0.020802 240.365039
1000.0 0.151811 131.742702
1000.0 0.113815 175.723758
1000.0 0.080371 248.84446
1000.0 0.059979 333.449591
1000.0 0.046462 430.455724
1000.0 0.047579 420.356336
1000.0 0.039164 510.67381
1000.0 0.04523 442.187422
1000.0 0.04865 411.096616
2000.0 0.591369 135.279342
2000.0 0.447816 178.644633
2000.0 0.281604 284.086794
2000.0 0.195226 409.781369
2000.0 0.140595 569.009574
2000.0 0.124096 644.661761
2000.0 0.108954 734.257748
2000.0 0.119468 669.636718
2000.0 0.117766 679.315752
5000.0 3.727128 134.15156
5000.0 2.827154 176.856332
5000.0 1.776595 281.437298
5000.0 1.044955 478.489552
5000.0 0.692597 721.920713
5000.0 0.567577 880.938197
5000.0 0.505472 989.175034
5000.0 0.493263 1013.658957
5000.0 0.505514 989.09256
10000.0 14.840997 134.76184
10000.0 11.410427 175.27828
10000.0 6.803602 293.961955
10000.0 3.825949 522.746124
10000.0 2.627177 761.273437
10000.0 2.053393 973.997702
10000.0 1.876636 1065.736846
10000.0 1.800334 1110.905043
10000.0 1.754722 1139.781917
20000.0 72.149599 110.880728
20000.0 58.318997 137.17657
20000.0 38.894442 205.684915
20000.0 24.404191 327.812541
20000.0 15.832748 505.28184
20000.0 12.13542 659.227295
20000.0 9.988835 800.894177
20000.0 9.51704 840.597482
20000.0 8.305525 963.214262
