200, 1
200 0.010632 75.247482
200, 2
200 0.008154 98.105353
200, 4
200 0.007453 107.339586
200, 8
200 0.006190 129.244260
200, 16
200 0.007599 105.280100
200, 32
200 0.004857 164.697299
200, 64
200 0.004746 168.568719
200, 128
200 0.007353 108.797546
200, 256
200 0.009976 80.192173
500, 1
500 0.046293 108.008679
500, 2
500 0.029930 167.057760
500, 4
500 0.024110 207.382046
500, 8
500 0.021186 236.003639
500, 16
500 0.016549 302.132293
500, 32
500 0.015753 317.397221
500, 64
500 0.018534 269.778733
500, 128
500 0.018045 277.082270
500, 256
500 0.020802 240.365039
1000, 1
1000 0.151811 131.742702
1000, 2
1000 0.113815 175.723758
1000, 4
1000 0.080371 248.844460
1000, 8
1000 0.059979 333.449591
1000, 16
1000 0.046462 430.455724
1000, 32
1000 0.047579 420.356336
1000, 64
1000 0.039164 510.673810
1000, 128
1000 0.045230 442.187422
1000, 256
1000 0.048650 411.096616
2000, 1
2000 0.591369 135.279342
2000, 2
2000 0.447816 178.644633
2000, 4
2000 0.281604 284.086794
2000, 8
2000 0.195226 409.781369
2000, 16
2000 0.140595 569.009574
2000, 32
2000 0.124096 644.661761
2000, 64
2000 0.108954 734.257748
2000, 128
2000 0.119468 669.636718
2000, 256
2000 0.117766 679.315752
5000, 1
5000 3.727128 134.151560
5000, 2
5000 2.827154 176.856332
5000, 4
5000 1.776595 281.437298
5000, 8
5000 1.044955 478.489552
5000, 16
5000 0.692597 721.920713
5000, 32
5000 0.567577 880.938197
5000, 64
5000 0.505472 989.175034
5000, 128
5000 0.493263 1013.658957
5000, 256
5000 0.505514 989.092560
10000, 1
10000 14.840997 134.761840
10000, 2
10000 11.410427 175.278280
10000, 4
10000 6.803602 293.961955
10000, 8
10000 3.825949 522.746124
10000, 16
10000 2.627177 761.273437
10000, 32
10000 2.053393 973.997702
10000, 64
10000 1.876636 1065.736846
10000, 128
10000 1.800334 1110.905043
10000, 256
10000 1.754722 1139.781917
20000, 1
20000 72.149599 110.880728
20000, 2
20000 58.318997 137.176570
20000, 4
20000 38.894442 205.684915
20000, 8
20000 24.404191 327.812541
20000, 16
20000 15.832748 505.281840
20000, 32
20000 12.135420 659.227295
20000, 64
20000 9.988835 800.894177
20000, 128
20000 9.517040 840.597482
20000, 256
20000 8.305525 963.214262
running pa1a
200 0.007789 102.711546
500 0.079903 62.575945
1000 0.227289 87.993605
2000 0.761836 105.009464
5000 4.787165 104.445951
10000 16.708673 119.698316
20000 59.949107 133.446525
