"pedxing-seq3/00007440.jpg": (46, 72, 84, 163), (82, 103, 110, 186), (110, 67, 144, 156), (183, 190, 211, 110), (201, 105, 230, 180), (241, 340, 270, 254), (440, 129, 476, 218), (474, 97, 502, 182), (534, 89, 506, 175), (536, 103, 567, 194), (565, 82, 595, 167), (589, 101, 620, 186), (336, 321, 376, 245);
"pedxing-seq3/00007444.jpg": (80, 162, 54, 76), (79, 103, 102, 186), (111, 65, 134, 154), (179, 114, 208, 186), (191, 108, 223, 188), (239, 342, 272, 254), (443, 127, 482, 220), (477, 101, 503, 182), (511, 86, 539, 175), (541, 103, 564, 194), (590, 165, 569, 80), (588, 101, 617, 188), (336, 323, 378, 245);
"pedxing-seq3/00007448.jpg": (54, 74, 79, 163), (76, 185, 104, 97), (108, 157, 134, 65), (164, 110, 206, 194), (181, 108, 217, 190), (448, 129, 475, 218), (475, 101, 503, 184), (511, 95, 539, 175), (540, 194, 564, 101), (568, 164, 592, 84), (592, 99, 617, 188), (269, 344, 240, 252), (336, 329, 378, 243);
"pedxing-seq3/00007452.jpg": (55, 76, 78, 163), (74, 95, 103, 180), (110, 156, 131, 65), (156, 110, 190, 194), (178, 99, 211, 186), (237, 344, 267, 254), (448, 129, 484, 220), (475, 101, 507, 182), (509, 95, 541, 173), (541, 97, 566, 182), (569, 78, 590, 165), (590, 99, 615, 197), (331, 325, 376, 247);
"pedxing-seq3/00007456.jpg": (54, 74, 81, 163), (70, 95, 100, 178), (109, 65, 134, 156), (155, 105, 181, 194), (172, 97, 193, 182), (237, 344, 268, 254), (333, 327, 377, 247), (455, 129, 481, 220), (474, 99, 504, 182), (512, 89, 538, 175), (540, 185, 567, 95), (565, 170, 589, 82), (589, 192, 619, 97);
"pedxing-seq3/00007460.jpg": (84, 160, 59, 76), (65, 95, 95, 178), (110, 65, 133, 158), (140, 108, 181, 186), (155, 101, 193, 184), (452, 129, 479, 220), (471, 185, 503, 99), (507, 177, 539, 89), (542, 187, 575, 95), (591, 170, 568, 82), (585, 101, 615, 190), (269, 344, 239, 252), (331, 243, 376, 325);
"pedxing-seq3/00007464.jpg": (62, 95, 94, 178), (58, 74, 83, 163), (109, 65, 134, 158), (136, 108, 162, 188), (149, 101, 189, 182), (237, 348, 270, 254), (379, 329, 333, 243), (454, 129, 482, 226), (471, 95, 501, 184), (511, 91, 535, 173), (547, 93, 581, 184), (568, 170, 593, 80), (619, 190, 590, 101);
"pedxing-seq3/00007468.jpg": (58, 74, 87, 163), (58, 91, 92, 175), (136, 67, 113, 154), (128, 108, 159, 186), (140, 101, 179, 180), (237, 344, 270, 254), (333, 331, 378, 244), (458, 130, 488, 223), (475, 98, 503, 187), (507, 92, 539, 174), (547, 92, 583, 179), (569, 79, 592, 162), (590, 100, 617, 187);
"pedxing-seq3/00007472.jpg": (56, 93, 87, 173), (51, 76, 85, 161), (113, 65, 134, 154), (121, 105, 151, 190), (143, 99, 164, 182), (271, 348, 239, 254), (333, 327, 380, 245), (458, 133, 484, 224), (473, 99, 503, 184), (509, 93, 541, 173), (554, 89, 583, 180), (566, 78, 590, 167), (592, 101, 617, 184);
"pedxing-seq3/00007476.jpg": (51, 89, 81, 175), (111, 67, 136, 150), (108, 190, 151, 110), (123, 187, 157, 104), (237, 342, 270, 254), (333, 245, 378, 329), (458, 133, 482, 228), (475, 99, 503, 188), (507, 93, 541, 173), (560, 93, 581, 178), (569, 80, 590, 165), (592, 101, 615, 188);
"pedxing-seq3/00007480.jpg": (46, 82, 74, 165), (52, 69, 82, 152), (134, 179, 97, 102), (118, 91, 156, 180), (110, 57, 133, 146), (453, 125, 485, 224), (474, 95, 502, 180), (506, 82, 536, 169), (563, 179, 591, 82), (587, 91, 623, 175), (269, 340, 239, 247), (331, 323, 379, 237);
"pedxing-seq3/00007484.jpg": (42, 76, 76, 161), (91, 99, 120, 180), (132, 177, 106, 91), (105, 61, 141, 133), (449, 125, 491, 224), (237, 248, 269, 338), (331, 323, 376, 239), (471, 95, 503, 181), (503, 84, 540, 168), (563, 76, 598, 172), (591, 97, 621, 181);
"pedxing-seq3/00007488.jpg": (106, 55, 138, 148), (102, 89, 127, 175), (81, 94, 111, 173), (43, 78, 72, 162), (15, 209, 61, 312), (271, 338, 240, 248), (333, 318, 376, 237), (451, 128, 485, 225), (472, 94, 506, 180), (510, 80, 542, 169), (592, 91, 621, 182), (571, 82, 601, 173);
"pedxing-seq3/00007492.jpg": (29, 207, 74, 305), (237, 331, 272, 239), (333, 310, 379, 228), (451, 123, 487, 219), (469, 85, 508, 178), (506, 76, 540, 162), (574, 71, 601, 162), (592, 85, 619, 182), (108, 51, 140, 144), (88, 82, 124, 169), (74, 89, 102, 171), (40, 73, 70, 157);
"pedxing-seq3/00007496.jpg": (0, 225, 36, 334), (47, 205, 86, 307), (237, 333, 272, 241), (333, 316, 381, 230), (449, 125, 483, 221), (469, 85, 506, 175), (503, 76, 542, 162), (578, 69, 608, 155), (590, 89, 619, 187), (569, 66, 599, 148), (111, 51, 140, 146), (86, 82, 118, 166), (70, 87, 99, 164), (34, 76, 65, 155);
"pedxing-seq3/00007500.jpg": (4, 226, 49, 331), (63, 201, 99, 304), (237, 336, 272, 240), (333, 316, 381, 233), (447, 124, 481, 224), (472, 81, 506, 174), (508, 79, 540, 161), (590, 88, 619, 172), (580, 70, 610, 156), (567, 65, 592, 152), (111, 49, 136, 149), (77, 79, 108, 163), (59, 83, 88, 161), (29, 74, 61, 156);
"pedxing-seq3/00007504.jpg": (13, 222, 54, 324), (74, 204, 120, 306), (237, 336, 272, 240), (333, 316, 381, 233), (447, 124, 478, 222), (472, 83, 506, 174), (508, 77, 542, 163), (565, 63, 590, 152), (585, 68, 612, 158), (590, 93, 617, 174), (111, 49, 136, 142), (72, 49, 104, 136), (72, 77, 99, 163), (52, 83, 81, 163), (27, 74, 56, 158);
"pedxing-seq3/00007508.jpg": (31, 220, 61, 324), (95, 204, 129, 301), (238, 240, 270, 335), (336, 316, 383, 231), (440, 127, 476, 222), (472, 83, 506, 174), (508, 79, 540, 163), (567, 63, 594, 154), (590, 65, 619, 156), (590, 88, 617, 174), (113, 49, 138, 142), (81, 49, 111, 136), (63, 74, 97, 158), (47, 86, 77, 163), (20, 72, 47, 156);
"pedxing-seq3/00007512.jpg": (38, 220, 79, 324), (111, 197, 142, 297), (236, 240, 270, 338), (347, 231, 379, 319), (438, 127, 472, 220), (472, 83, 506, 177), (508, 77, 540, 163), (567, 68, 592, 152), (590, 90, 619, 177), (592, 65, 619, 149), (93, 47, 118, 136), (111, 54, 133, 142), (54, 77, 86, 161), (40, 86, 65, 163), (15, 74, 38, 154);
"pedxing-seq3/00007516.jpg": (43, 220, 83, 322), (120, 199, 156, 297), (238, 242, 270, 333), (333, 316, 379, 231), (435, 127, 469, 220), (472, 83, 508, 172), (510, 77, 542, 163), (567, 68, 594, 154), (596, 65, 628, 152), (592, 90, 619, 174), (95, 49, 124, 136), (112, 52, 137, 147), (46, 74, 73, 161), (61, 164, 32, 83);
"pedxing-seq3/00007520.jpg": (110, 144, 135, 52), (55, 217, 94, 319), (132, 197, 169, 292), (237, 242, 271, 338), (333, 318, 380, 233), (432, 127, 468, 224), (470, 83, 507, 177), (504, 77, 534, 165), (566, 65, 593, 154), (598, 65, 627, 156), (621, 89, 593, 179), (41, 77, 71, 161), (26, 86, 53, 163);
"pedxing-seq3/00007524.jpg": (66, 213, 100, 317), (144, 192, 173, 290), (110, 54, 135, 145), (35, 77, 62, 161), (21, 83, 44, 163), (239, 240, 271, 335), (333, 314, 380, 231), (427, 127, 459, 224), (473, 83, 504, 174), (507, 77, 541, 163), (566, 65, 591, 152), (619, 175, 591, 88);
"pedxing-seq3/00007528.jpg": (76, 213, 119, 315), (153, 190, 189, 288), (237, 242, 271, 338), (348, 229, 380, 315), (423, 127, 452, 229), (473, 83, 507, 174), (509, 74, 541, 161), (568, 63, 593, 154), (593, 88, 620, 177), (114, 52, 135, 142), (125, 49, 150, 136), (53, 59, 78, 147), (30, 72, 57, 163);
"pedxing-seq3/00007532.jpg": (85, 208, 121, 315), (164, 190, 203, 292), (235, 336, 271, 240), (333, 228, 382, 318), (418, 131, 450, 229), (475, 86, 504, 174), (504, 79, 541, 163), (566, 65, 591, 154), (591, 90, 618, 174), (600, 61, 625, 152), (112, 49, 132, 142), (132, 45, 162, 133), (21, 72, 46, 161);
"pedxing-seq3/00007536.jpg": (96, 208, 128, 308), (180, 190, 212, 285), (237, 242, 268, 333), (333, 312, 382, 229), (411, 127, 445, 226), (473, 86, 504, 174), (507, 77, 539, 163), (566, 65, 591, 152), (591, 90, 618, 177), (602, 59, 627, 147), (112, 52, 137, 145), (137, 49, 171, 136), (51, 61, 76, 149), (17, 72, 48, 161);
"pedxing-seq3/00007540.jpg": (107, 206, 141, 306), (191, 186, 223, 279), (239, 240, 271, 338), (333, 314, 380, 229), (411, 129, 441, 224), (112, 49, 137, 142), (148, 47, 175, 133), (48, 61, 78, 149), (14, 70, 41, 158), (477, 88, 504, 174), (507, 77, 539, 163), (566, 68, 591, 152), (588, 90, 616, 181);
"pedxing-seq3/00007544.jpg": (10, 74, 35, 163), (48, 65, 76, 152), (112, 52, 137, 145), (159, 47, 184, 133), (110, 206, 155, 308), (200, 183, 237, 279), (239, 240, 271, 340), (333, 318, 382, 231), (405, 131, 434, 226), (477, 86, 507, 177), (507, 74, 541, 163), (566, 63, 591, 152), (591, 90, 616, 174);
"pedxing-seq3/00007548.jpg": (121, 204, 157, 306), (209, 181, 248, 279), (239, 240, 268, 338), (331, 318, 380, 229), (398, 133, 436, 229), (473, 83, 502, 174), (509, 79, 539, 163), (568, 68, 593, 154), (588, 90, 616, 177), (164, 49, 200, 136), (112, 52, 135, 145), (48, 61, 73, 152);
"pedxing-seq3/00007552.jpg": (48, 63, 73, 149), (112, 52, 135, 145), (175, 52, 209, 138), (130, 197, 162, 295), (225, 181, 257, 279), (237, 242, 271, 342), (331, 228, 382, 316), (393, 133, 430, 229), (473, 86, 504, 177), (507, 77, 539, 163), (566, 65, 591, 152), (588, 88, 618, 174);
"pedxing-seq3/00007556.jpg": (144, 192, 171, 295), (237, 179, 268, 283), (271, 336, 241, 242), (329, 230, 380, 321), (391, 131, 420, 229), (475, 88, 504, 174), (509, 77, 539, 163), (568, 65, 591, 156), (591, 88, 622, 177), (189, 52, 219, 138), (112, 47, 135, 142), (48, 61, 73, 149);
"pedxing-seq3/00007560.jpg": (48, 61, 71, 149), (112, 47, 135, 145), (198, 49, 237, 138), (144, 195, 184, 297), (250, 179, 287, 272), (237, 242, 271, 349), (333, 316, 380, 229), (386, 133, 420, 229), (475, 88, 504, 177), (507, 77, 539, 163), (568, 65, 593, 154), (591, 88, 618, 174);
"pedxing-seq3/00007564.jpg": (49, 61, 74, 149), (111, 49, 136, 145), (208, 49, 245, 136), (149, 192, 190, 295), (263, 177, 292, 272), (238, 242, 270, 344), (349, 229, 381, 322), (374, 133, 410, 231), (474, 83, 503, 174), (508, 77, 537, 163), (567, 65, 590, 156), (587, 90, 617, 179);
"pedxing-seq3/00007568.jpg": (45, 59, 70, 152), (111, 47, 136, 145), (220, 49, 251, 136), (156, 192, 197, 292), (238, 240, 270, 340), (270, 188, 301, 274), (333, 314, 379, 229), (376, 133, 408, 231), (474, 86, 503, 174), (508, 74, 537, 163), (567, 68, 590, 152), (590, 90, 617, 177);
"pedxing-seq3/00007572.jpg": (48, 59, 71, 152), (112, 49, 137, 145), (232, 47, 262, 136), (173, 190, 205, 290), (239, 240, 271, 338), (275, 190, 318, 274), (331, 318, 384, 229), (375, 136, 405, 231), (475, 88, 504, 174), (509, 77, 539, 163), (566, 68, 591, 154), (588, 88, 618, 181);
"pedxing-seq3/00007576.jpg": (46, 59, 71, 147), (110, 52, 135, 142), (243, 52, 275, 136), (180, 188, 212, 285), (331, 314, 382, 229), (371, 136, 400, 231), (475, 86, 504, 174), (509, 74, 539, 163), (568, 68, 591, 152), (621, 175, 591, 88), (237, 239, 271, 329);
"pedxing-seq3/00007580.jpg": (45, 59, 70, 147), (111, 49, 133, 142), (254, 49, 283, 131), (190, 188, 224, 279), (240, 240, 272, 335), (306, 172, 338, 265), (333, 314, 381, 231), (365, 136, 392, 233), (474, 86, 503, 174), (508, 77, 537, 163), (567, 65, 592, 152), (592, 88, 619, 177);
"pedxing-seq3/00007584.jpg": (47, 59, 72, 147), (111, 52, 133, 145), (270, 45, 295, 131), (199, 188, 233, 288), (240, 240, 270, 338), (336, 316, 381, 229), (319, 172, 349, 265), (360, 138, 388, 231), (474, 86, 503, 174), (508, 77, 537, 163), (567, 68, 590, 154), (592, 88, 617, 179);
"pedxing-seq3/00007588.jpg": (46, 61, 73, 149), (110, 47, 135, 145), (275, 45, 314, 131), (207, 186, 239, 285), (241, 242, 271, 338), (333, 318, 382, 229), (332, 174, 364, 265), (355, 138, 386, 231), (475, 86, 504, 172), (509, 77, 539, 161), (568, 70, 591, 154), (591, 88, 618, 177);
"pedxing-seq3/00007592.jpg": (48, 59, 73, 152), (110, 52, 135, 145), (284, 45, 323, 131), (214, 186, 246, 285), (241, 242, 271, 342), (343, 174, 377, 270), (333, 318, 380, 231), (352, 138, 382, 233), (475, 86, 504, 174), (511, 77, 541, 163), (568, 70, 593, 154), (591, 88, 618, 174);
"pedxing-seq3/00007596.jpg": (48, 61, 76, 152), (110, 52, 135, 142), (298, 47, 325, 129), (223, 186, 255, 285), (241, 242, 271, 335), (355, 170, 386, 267), (348, 138, 375, 233), (331, 314, 380, 229), (475, 86, 502, 174), (511, 77, 539, 163), (568, 70, 591, 154), (591, 88, 616, 174);
"pedxing-seq3/00007600.jpg": (48, 61, 76, 152), (107, 52, 135, 142), (307, 43, 341, 131), (228, 183, 264, 283), (239, 242, 271, 335), (341, 138, 371, 231), (366, 174, 402, 265), (333, 316, 382, 231), (473, 81, 504, 179), (507, 77, 541, 163), (563, 70, 591, 154), (591, 90, 618, 179);
"pedxing-seq3/00007604.jpg": (48, 63, 73, 152), (107, 54, 135, 145), (318, 45, 352, 129), (241, 177, 271, 279), (237, 242, 268, 342), (339, 140, 368, 236), (377, 172, 411, 263), (333, 318, 377, 231), (473, 86, 504, 177), (507, 77, 539, 163), (566, 70, 593, 154), (591, 90, 618, 179);
"pedxing-seq3/00007608.jpg": (51, 61, 76, 152), (110, 52, 137, 145), (330, 43, 361, 129), (248, 177, 280, 281), (237, 238, 268, 340), (475, 83, 502, 177), (507, 77, 539, 163), (561, 70, 593, 154), (591, 88, 616, 174), (334, 140, 366, 231), (333, 316, 380, 229), (389, 167, 420, 265);
"pedxing-seq3/00007612.jpg": (51, 63, 78, 149), (110, 52, 135, 145), (346, 43, 373, 127), (475, 86, 504, 174), (509, 77, 539, 163), (563, 70, 588, 154), (591, 88, 618, 174), (237, 240, 271, 338), (250, 177, 293, 274), (327, 142, 361, 236), (333, 318, 380, 231), (398, 170, 436, 258);
"pedxing-seq3/00007616.jpg": (51, 63, 76, 149), (110, 54, 135, 145), (348, 43, 386, 129), (475, 83, 504, 174), (509, 77, 539, 163), (563, 70, 591, 156), (591, 88, 618, 177), (405, 170, 443, 265), (327, 142, 359, 236), (333, 321, 384, 231), (257, 179, 296, 274), (237, 245, 271, 349);
"pedxing-seq3/00007620.jpg": (48, 65, 73, 152), (110, 54, 135, 145), (355, 43, 393, 131), (241, 242, 271, 335), (268, 174, 302, 276), (327, 145, 361, 236), (418, 167, 452, 263), (331, 316, 380, 231), (475, 83, 502, 177), (507, 77, 539, 163), (563, 70, 591, 156), (591, 88, 618, 174);
"pedxing-seq3/00007624.jpg": (48, 61, 76, 152), (110, 52, 135, 145), (0, 353, 37, 474), (237, 242, 271, 344), (268, 177, 307, 272), (323, 142, 355, 242), (333, 325, 380, 231), (430, 170, 468, 267), (475, 83, 504, 177), (509, 74, 541, 165), (561, 70, 591, 156), (588, 88, 616, 172), (373, 38, 405, 127);
"pedxing-seq3/00007628.jpg": (48, 63, 73, 149), (110, 52, 135, 142), (380, 40, 414, 127), (7, 358, 44, 478), (237, 240, 268, 335), (275, 177, 312, 274), (318, 147, 355, 240), (379, 318, 331, 231), (439, 172, 479, 263), (475, 86, 504, 172), (509, 74, 541, 163), (561, 72, 588, 156), (588, 88, 616, 177);
"pedxing-seq3/00007632.jpg": (48, 63, 73, 152), (110, 52, 135, 142), (12, 358, 51, 478), (237, 242, 268, 340), (282, 174, 312, 270), (318, 147, 355, 242), (333, 323, 382, 231), (482, 263, 445, 172), (389, 40, 420, 129), (473, 86, 504, 174), (507, 74, 536, 165), (559, 72, 588, 165), (586, 86, 616, 174);
"pedxing-seq3/00007636.jpg": (13, 358, 56, 478), (49, 61, 74, 152), (111, 52, 136, 145), (401, 36, 431, 122), (317, 147, 351, 238), (292, 165, 322, 265), (240, 242, 270, 335), (336, 323, 381, 229), (465, 170, 497, 265), (474, 83, 503, 177), (510, 74, 540, 163), (560, 72, 587, 163), (585, 88, 612, 181);
"pedxing-seq3/00007640.jpg": (18, 360, 56, 478), (47, 56, 77, 152), (111, 52, 136, 145), (410, 36, 442, 120), (317, 147, 347, 240), (297, 165, 326, 265), (238, 242, 270, 340), (331, 318, 379, 231), (474, 177, 515, 267), (474, 83, 503, 172), (508, 79, 537, 163), (562, 77, 590, 163), (583, 88, 610, 177);
"pedxing-seq3/00007644.jpg": (583, 86, 610, 177), (562, 79, 592, 163), (506, 74, 537, 163), (476, 86, 506, 172), (419, 36, 456, 120), (108, 52, 136, 145), (49, 59, 77, 147), (18, 363, 56, 478), (240, 245, 270, 340), (310, 145, 344, 245), (301, 165, 331, 263), (331, 318, 379, 229), (519, 177, 483, 272);
"pedxing-seq3/00007648.jpg": (22, 363, 56, 478), (49, 59, 74, 147), (111, 54, 136, 145), (458, 36, 422, 118), (310, 147, 342, 240), (301, 263, 342, 167), (240, 242, 270, 340), (333, 323, 379, 233), (533, 174, 501, 276), (474, 86, 503, 174), (508, 74, 540, 163), (562, 77, 587, 165), (583, 90, 610, 179);
"pedxing-seq3/00007652.jpg": (27, 365, 59, 476), (49, 59, 74, 149), (238, 240, 267, 338), (308, 147, 338, 242), (317, 165, 349, 260), (331, 316, 381, 231), (515, 174, 553, 272), (442, 34, 472, 115), (474, 86, 503, 174), (508, 77, 537, 163), (562, 77, 590, 163), (580, 88, 608, 177), (111, 52, 136, 145);
"pedxing-seq3/00007656.jpg": (49, 59, 74, 152), (108, 54, 136, 145), (27, 363, 63, 478), (238, 242, 267, 340), (333, 321, 379, 231), (308, 145, 340, 242), (324, 161, 356, 258), (567, 181, 524, 272), (451, 34, 483, 118), (476, 86, 506, 177), (508, 77, 540, 163), (560, 79, 587, 163), (578, 88, 608, 179);
"pedxing-seq3/00007660.jpg": (29, 365, 63, 478), (49, 61, 72, 152), (111, 54, 136, 145), (457, 34, 490, 115), (474, 83, 503, 177), (506, 74, 540, 163), (560, 77, 590, 165), (574, 90, 605, 177), (549, 177, 578, 274), (308, 142, 340, 245), (333, 158, 367, 265), (238, 242, 267, 338), (333, 318, 381, 231);
"pedxing-seq3/00007664.jpg": (604, 272, 557, 179), (341, 161, 373, 254), (309, 142, 341, 245), (241, 242, 268, 342), (333, 323, 382, 231), (28, 367, 64, 478), (110, 52, 135, 145), (51, 61, 73, 149), (473, 29, 500, 111), (475, 83, 502, 177), (507, 74, 539, 163), (561, 74, 588, 170), (570, 88, 602, 179);
"pedxing-seq3/00007668.jpg": (48, 61, 73, 152), (107, 52, 135, 145), (28, 369, 66, 476), (239, 240, 268, 333), (331, 318, 380, 229), (309, 145, 343, 240), (380, 156, 346, 256), (616, 274, 573, 183), (477, 83, 507, 177), (509, 74, 539, 163), (477, 27, 509, 108), (559, 79, 588, 167), (563, 93, 598, 181);
"pedxing-seq3/00007672.jpg": (32, 369, 66, 478), (48, 61, 73, 149), (110, 54, 135, 145), (486, 29, 516, 111), (475, 83, 504, 174), (507, 74, 539, 165), (554, 79, 586, 167), (561, 93, 595, 181), (309, 145, 341, 242), (384, 156, 355, 254), (237, 242, 266, 338), (333, 318, 380, 231), (620, 183, 588, 279);
"pedxing-seq3/00007676.jpg": (48, 61, 76, 149), (107, 52, 137, 145), (30, 372, 66, 478), (239, 240, 268, 333), (307, 145, 339, 242), (359, 156, 400, 256), (333, 323, 384, 231), (473, 86, 504, 177), (507, 79, 539, 163), (498, 27, 527, 106), (552, 81, 584, 170), (559, 90, 591, 181);
"pedxing-seq3/00007680.jpg": (48, 61, 76, 152), (110, 54, 135, 145), (28, 374, 69, 478), (239, 242, 268, 335), (307, 145, 339, 245), (333, 318, 382, 229), (359, 158, 405, 249), (475, 86, 504, 174), (507, 74, 539, 163), (507, 24, 534, 102), (552, 81, 579, 167), (559, 93, 586, 179);
"pedxing-seq3/00007684.jpg": (32, 372, 71, 478), (14, 231, 55, 329), (48, 61, 76, 152), (110, 56, 135, 145), (237, 336, 273, 242), (312, 142, 341, 242), (409, 156, 368, 254), (331, 323, 382, 231), (473, 86, 504, 174), (504, 77, 539, 161), (514, 22, 543, 102), (548, 81, 577, 165), (552, 93, 582, 181);
"pedxing-seq3/00007688.jpg": (48, 63, 76, 152), (110, 59, 135, 142), (19, 322, 60, 229), (30, 374, 71, 478), (238, 245, 268, 338), (312, 145, 341, 245), (418, 158, 386, 256), (331, 321, 380, 231), (523, 24, 550, 102), (475, 86, 502, 177), (507, 77, 539, 163), (550, 81, 577, 167), (545, 95, 579, 179);
"pedxing-seq3/00007692.jpg": (108, 54, 135, 145), (46, 63, 73, 149), (41, 224, 5, 319), (32, 231, 64, 322), (32, 376, 73, 478), (233, 336, 269, 242), (312, 145, 341, 245), (432, 158, 398, 254), (331, 318, 382, 229), (475, 81, 504, 177), (507, 74, 539, 165), (529, 20, 557, 104), (543, 95, 575, 181);
"pedxing-seq3/00007696.jpg": (48, 61, 76, 149), (110, 56, 135, 145), (50, 318, 18, 222), (80, 323, 46, 226), (35, 379, 76, 478), (237, 240, 266, 331), (312, 142, 341, 245), (333, 318, 380, 231), (443, 158, 405, 254), (475, 83, 504, 177), (509, 77, 539, 163), (536, 20, 566, 102), (570, 97, 543, 183);
"pedxing-seq3/00007700.jpg": (46, 61, 73, 152), (107, 52, 137, 145), (53, 222, 89, 319), (30, 220, 64, 317), (41, 376, 78, 478), (241, 240, 271, 335), (309, 142, 341, 245), (331, 321, 377, 231), (457, 158, 420, 251), (473, 86, 502, 174), (507, 77, 536, 163), (541, 97, 570, 186), (545, 81, 573, 172), (543, 20, 577, 102);
"pedxing-seq3/00007704.jpg": (48, 61, 78, 152), (112, 52, 137, 142), (69, 220, 35, 313), (94, 224, 64, 315), (44, 379, 80, 478), (267, 336, 241, 242), (333, 321, 380, 231), (312, 142, 339, 242), (473, 156, 434, 256), (473, 86, 504, 172), (509, 74, 539, 163), (577, 18, 548, 99), (570, 88, 543, 165), (563, 99, 534, 183);
"pedxing-seq3/00007708.jpg": (48, 63, 76, 152), (110, 49, 135, 145), (48, 217, 80, 310), (73, 217, 107, 315), (44, 381, 82, 478), (239, 242, 266, 335), (333, 316, 382, 231), (309, 145, 343, 242), (489, 163, 441, 258), (475, 83, 502, 170), (509, 74, 539, 163), (527, 97, 563, 186), (543, 81, 570, 167), (561, 15, 591, 106);
"pedxing-seq3/00007712.jpg": (498, 163, 461, 256), (309, 145, 341, 245), (82, 222, 123, 315), (57, 213, 100, 308), (51, 63, 76, 149), (110, 52, 135, 145), (46, 383, 82, 478), (241, 240, 268, 331), (333, 318, 382, 231), (475, 83, 502, 174), (509, 74, 539, 165), (529, 97, 559, 188), (541, 83, 566, 172), (570, 15, 600, 99);
"pedxing-seq3/00007716.jpg": (48, 388, 82, 478), (96, 308, 128, 217), (107, 213, 66, 306), (107, 56, 135, 145), (48, 65, 76, 149), (235, 329, 268, 242), (312, 145, 339, 245), (333, 321, 382, 231), (518, 165, 479, 258), (475, 83, 504, 174), (509, 74, 539, 163), (525, 95, 559, 188), (536, 83, 568, 174);
"pedxing-seq3/00007720.jpg": (46, 388, 80, 478), (80, 211, 112, 306), (135, 217, 105, 308), (51, 63, 76, 149), (110, 52, 135, 142), (239, 242, 268, 331), (309, 145, 343, 242), (333, 323, 380, 231), (539, 170, 491, 260), (477, 83, 504, 172), (509, 74, 539, 163), (525, 99, 552, 186), (541, 81, 566, 172);
"pedxing-seq3/00007724.jpg": (559, 174, 518, 265), (475, 83, 504, 174), (509, 77, 539, 165), (520, 97, 550, 188), (536, 83, 566, 174), (314, 147, 341, 242), (241, 242, 266, 333), (333, 318, 382, 231), (114, 215, 148, 310), (94, 208, 125, 306), (44, 388, 78, 478), (110, 52, 137, 142), (46, 63, 73, 149);
"pedxing-seq3/00007728.jpg": (579, 167, 539, 260), (475, 83, 502, 175), (507, 77, 534, 163), (518, 99, 550, 192), (534, 88, 561, 174), (309, 147, 341, 245), (241, 242, 268, 335), (333, 316, 380, 231), (121, 208, 157, 306), (100, 211, 135, 306), (5, 236, 51, 333), (41, 390, 80, 478), (48, 61, 76, 149), (110, 54, 137, 142);
"pedxing-seq3/00007732.jpg": (135, 204, 164, 297), (112, 204, 141, 295), (12, 233, 55, 331), (41, 388, 82, 478), (48, 63, 76, 152), (110, 52, 137, 145), (475, 83, 502, 177), (507, 74, 536, 163), (518, 102, 548, 195), (534, 88, 559, 172), (602, 174, 561, 272), (309, 147, 339, 242), (237, 242, 264, 329), (331, 314, 380, 231);
"pedxing-seq3/00007736.jpg": (30, 226, 62, 329), (125, 204, 157, 299), (141, 199, 173, 297), (46, 390, 82, 478), (48, 63, 73, 149), (110, 52, 135, 142), (475, 86, 504, 179), (509, 74, 536, 163), (518, 102, 545, 195), (532, 88, 559, 174), (622, 177, 591, 270), (307, 147, 339, 240), (241, 240, 268, 333), (331, 318, 380, 231);
"pedxing-seq3/00007740.jpg": (48, 63, 76, 149), (107, 52, 137, 145), (35, 229, 73, 331), (125, 206, 162, 296), (144, 199, 187, 295), (48, 394, 89, 478), (239, 242, 266, 331), (331, 318, 382, 233), (305, 147, 339, 242), (473, 83, 504, 177), (509, 77, 536, 165), (511, 104, 545, 195), (529, 90, 557, 177);
"pedxing-seq3/00007744.jpg": (46, 229, 85, 329), (53, 394, 94, 478), (48, 63, 76, 149), (110, 52, 137, 145), (475, 86, 504, 174), (509, 74, 536, 163), (511, 104, 539, 190), (529, 86, 554, 174), (305, 147, 337, 245), (239, 242, 266, 333), (333, 318, 382, 231), (184, 201, 150, 295), (171, 197, 135, 292);
"pedxing-seq3/00007748.jpg": (55, 394, 96, 478), (57, 226, 98, 326), (148, 192, 178, 288), (166, 199, 194, 292), (51, 61, 76, 149), (110, 47, 137, 145), (305, 147, 337, 245), (237, 240, 268, 326), (331, 318, 382, 231), (475, 83, 504, 179), (509, 74, 536, 165), (504, 106, 536, 197), (527, 88, 554, 179);
"pedxing-seq3/00007752.jpg": (55, 397, 96, 478), (73, 222, 103, 317), (159, 192, 191, 288), (173, 197, 205, 290), (241, 240, 268, 331), (307, 149, 339, 245), (331, 323, 382, 231), (107, 52, 137, 145), (48, 63, 73, 149), (475, 83, 504, 177), (527, 88, 554, 179), (502, 106, 534, 197), (509, 74, 539, 170);
"pedxing-seq3/00007756.jpg": (46, 63, 73, 149), (107, 52, 135, 145), (76, 222, 121, 322), (51, 397, 96, 478), (159, 192, 194, 285), (178, 195, 212, 291), (239, 240, 271, 333), (307, 147, 339, 245), (331, 321, 380, 233), (502, 106, 534, 195), (475, 81, 502, 179), (525, 88, 552, 179), (507, 72, 534, 158);
"pedxing-seq3/00007760.jpg": (48, 65, 76, 149), (107, 49, 137, 142), (89, 222, 132, 322), (93, 478, 53, 394), (171, 186, 200, 285), (194, 199, 225, 292), (239, 240, 268, 338), (307, 147, 341, 242), (333, 323, 380, 233), (473, 86, 504, 177), (509, 74, 536, 163), (498, 102, 529, 197), (525, 90, 550, 179);
"pedxing-seq3/00007764.jpg": (53, 399, 89, 478), (48, 61, 76, 149), (110, 49, 137, 142), (94, 217, 139, 315), (182, 186, 212, 279), (198, 195, 232, 281), (239, 240, 268, 333), (309, 149, 341, 245), (331, 321, 380, 233), (475, 86, 502, 177), (509, 74, 536, 165), (523, 93, 548, 179), (495, 106, 527, 199);
"pedxing-seq3/00007768.jpg": (46, 63, 71, 149), (110, 49, 137, 145), (51, 399, 89, 478), (107, 211, 141, 308), (187, 188, 216, 276), (207, 195, 239, 279), (241, 240, 271, 331), (307, 152, 339, 245), (331, 321, 382, 233), (473, 86, 504, 177), (507, 77, 532, 163), (491, 108, 523, 199), (523, 93, 548, 179);
"pedxing-seq3/00007772.jpg": (46, 401, 85, 478), (48, 63, 76, 152), (110, 52, 135, 145), (123, 206, 148, 306), (200, 183, 234, 279), (216, 195, 248, 285), (241, 242, 271, 335), (312, 149, 341, 240), (333, 314, 380, 233), (493, 108, 520, 199), (523, 93, 545, 179), (507, 74, 534, 161), (475, 83, 500, 174);
"pedxing-seq3/00007776.jpg": (46, 399, 85, 478), (48, 63, 73, 149), (105, 54, 137, 142), (128, 211, 159, 308), (214, 183, 241, 279), (225, 195, 255, 281), (243, 242, 271, 333), (307, 149, 339, 249), (333, 318, 382, 231), (489, 108, 518, 201), (475, 83, 502, 177), (509, 74, 536, 161), (520, 95, 545, 177);
"pedxing-seq3/00007780.jpg": (48, 63, 73, 149), (110, 52, 135, 145), (46, 399, 85, 478), (132, 206, 166, 306), (225, 183, 253, 276), (239, 192, 266, 283), (243, 240, 268, 331), (307, 152, 334, 245), (331, 323, 377, 233), (484, 111, 514, 199), (475, 86, 504, 174), (509, 74, 534, 165), (518, 95, 543, 179), (595, 147, 625, 59);
"pedxing-seq3/00007784.jpg": (110, 49, 135, 145), (46, 63, 73, 149), (48, 399, 87, 478), (141, 204, 173, 304), (230, 183, 264, 279), (241, 195, 282, 279), (239, 242, 271, 342), (302, 152, 334, 247), (331, 323, 380, 231), (473, 108, 511, 204), (475, 83, 504, 170), (509, 74, 536, 163), (516, 93, 541, 177), (621, 151, 589, 63);
"pedxing-seq3/00007788.jpg": (51, 399, 85, 478), (48, 65, 76, 152), (110, 52, 137, 145), (473, 111, 509, 199), (475, 83, 504, 170), (509, 74, 536, 161), (514, 90, 541, 181), (588, 63, 618, 152), (150, 204, 182, 301), (305, 154, 330, 240), (243, 179, 271, 279), (257, 190, 287, 281), (237, 333, 268, 240), (333, 327, 382, 233);
"pedxing-seq3/00007792.jpg": (51, 63, 76, 152), (110, 49, 137, 142), (48, 399, 87, 476), (155, 204, 191, 299), (250, 177, 282, 279), (266, 188, 298, 281), (302, 152, 334, 245), (333, 325, 380, 233), (470, 108, 504, 201), (473, 86, 504, 181), (509, 74, 536, 163), (514, 93, 539, 179), (586, 63, 613, 154), (235, 340, 268, 240);
"pedxing-seq3/00007796.jpg": (51, 63, 76, 152), (107, 54, 135, 145), (51, 399, 87, 478), (159, 199, 198, 301), (235, 336, 268, 240), (259, 177, 293, 281), (305, 152, 332, 245), (331, 327, 380, 231), (473, 83, 504, 179), (466, 108, 500, 201), (507, 77, 534, 163), (511, 93, 539, 181), (579, 63, 611, 156);
"pedxing-seq3/00007800.jpg": (173, 197, 207, 292), (51, 399, 89, 478), (53, 61, 76, 154), (110, 52, 135, 145), (239, 242, 266, 338), (333, 325, 377, 233), (302, 152, 334, 245), (461, 106, 493, 201), (473, 79, 502, 174), (507, 77, 536, 161), (514, 90, 536, 181), (577, 68, 607, 161), (271, 181, 302, 270);
"pedxing-seq3/00007804.jpg": (51, 61, 78, 149), (110, 52, 135, 142), (51, 399, 89, 478), (184, 197, 214, 290), (239, 240, 268, 338), (333, 323, 380, 229), (300, 152, 334, 249), (452, 106, 486, 204), (473, 83, 504, 177), (509, 77, 539, 163), (511, 93, 539, 181), (573, 70, 602, 161);
"pedxing-seq3/00007808.jpg": (51, 59, 78, 152), (110, 52, 137, 145), (48, 399, 91, 478), (191, 197, 221, 285), (239, 240, 268, 331), (302, 152, 334, 245), (331, 323, 380, 231), (448, 108, 489, 204), (473, 83, 502, 177), (507, 77, 539, 163), (511, 93, 536, 181), (570, 72, 602, 163).
