"pedxing-seq1/00001600.jpg": (318, 138, 371, 233), (348, 129, 393, 224), (568, 313, 625, 394), (560, 65, 533, 0);
"pedxing-seq1/00001604.jpg": (316, 133, 357, 231), (339, 129, 371, 226), (570, 315, 629, 394), (558, 65, 533, 0);
"pedxing-seq1/00001608.jpg": (305, 133, 337, 231), (321, 127, 359, 226), (566, 313, 627, 401), (558, 63, 533, 0);
"pedxing-seq1/00001612.jpg": (284, 136, 330, 229), (309, 129, 357, 224), (556, 63, 533, 0), (569, 313, 628, 403);
"pedxing-seq1/00001616.jpg": (275, 136, 316, 231), (302, 127, 339, 224), (556, 63, 531, 0), (569, 313, 630, 403);
"pedxing-seq1/00001620.jpg": (264, 133, 298, 233), (289, 127, 323, 220), (556, 63, 533, 0), (567, 313, 628, 403);
"pedxing-seq1/00001624.jpg": (246, 136, 291, 231), (282, 127, 321, 222), (558, 65, 531, 0), (565, 313, 628, 401);
"pedxing-seq1/00001628.jpg": (237, 136, 280, 229), (266, 127, 309, 220), (558, 63, 533, 0), (567, 315, 628, 403);
"pedxing-seq1/00001632.jpg": (230, 133, 255, 231), (257, 127, 291, 220), (558, 65, 533, 0), (567, 313, 624, 401);
"pedxing-seq1/00001636.jpg": (207, 131, 253, 229), (243, 124, 289, 222), (553, 61, 533, 0), (569, 313, 624, 403);
"pedxing-seq1/00001640.jpg": (196, 133, 241, 231), (232, 127, 273, 226), (556, 63, 533, 0), (567, 313, 626, 403);
"pedxing-seq1/00001644.jpg": (189, 133, 216, 231), (223, 124, 255, 220), (556, 63, 531, 0), (567, 313, 626, 401);
"pedxing-seq1/00001648.jpg": (173, 136, 214, 229), (212, 124, 250, 217), (568, 313, 629, 401), (556, 63, 531, 0);
"pedxing-seq1/00001652.jpg": (164, 131, 203, 229), (198, 124, 246, 220), (556, 63, 533, 0), (567, 313, 628, 403);
"pedxing-seq1/00001656.jpg": (155, 131, 182, 229), (187, 127, 221, 217), (533, 0, 556, 63), (569, 313, 628, 401);
"pedxing-seq1/00001660.jpg": (135, 133, 178, 226), (175, 124, 212, 215), (535, 0, 556, 65), (567, 313, 626, 403);
"pedxing-seq1/00001664.jpg": (125, 133, 169, 226), (164, 127, 209, 220), (535, 0, 558, 65), (569, 313, 628, 403);
"pedxing-seq1/00001668.jpg": (114, 129, 148, 226), (155, 127, 194, 217), (535, 0, 558, 63), (567, 313, 624, 403);
"pedxing-seq1/00001672.jpg": (98, 127, 137, 226), (144, 127, 175, 220), (535, 0, 556, 63), (569, 313, 630, 401);
"pedxing-seq1/00001676.jpg": (96, 124, 125, 220), (137, 127, 171, 220), (535, 0, 556, 68), (569, 310, 626, 401);
"pedxing-seq1/00001680.jpg": (123, 124, 159, 220), (533, 0, 556, 68), (571, 310, 626, 403);
"pedxing-seq1/00001684.jpg": (116, 124, 153, 222), (533, 0, 556, 65), (571, 313, 621, 401);
"pedxing-seq1/00001688.jpg": (107, 127, 150, 220), (535, 0, 558, 65), (569, 313, 626, 403);
"pedxing-seq1/00001692.jpg": (98, 122, 146, 215), (568, 313, 627, 401), (535, 0, 556, 65);
"pedxing-seq1/00001696.jpg": (537, 0, 556, 63), (571, 313, 626, 403);
"pedxing-seq1/00001700.jpg": (537, 0, 560, 63), (571, 313, 626, 403);
"pedxing-seq1/00001704.jpg": (540, 0, 562, 63), (571, 313, 626, 401);
"pedxing-seq1/00001708.jpg": (540, 0, 565, 65), (571, 313, 628, 403);
"pedxing-seq1/00001712.jpg": (566, 313, 629, 401), (544, 0, 567, 63);
"pedxing-seq1/00001716.jpg": (546, 0, 569, 63), (569, 313, 626, 403);
"pedxing-seq1/00001720.jpg": (553, 0, 574, 61), (571, 313, 628, 403);
"pedxing-seq1/00001724.jpg": (568, 313, 629, 399), (556, 0, 578, 63);
"pedxing-seq1/00001728.jpg": (87, 124, 139, 229), (570, 313, 632, 401), (560, 0, 585, 63);
"pedxing-seq1/00001732.jpg": (96, 127, 150, 231), (560, 0, 585, 63), (571, 313, 628, 403);
"pedxing-seq1/00001736.jpg": (121, 127, 159, 233), (562, 0, 587, 63), (571, 313, 628, 403);
"pedxing-seq1/00001740.jpg": (139, 124, 178, 236), (566, 313, 629, 401), (569, 0, 590, 63);
"pedxing-seq1/00001744.jpg": (141, 127, 203, 236), (573, 0, 595, 63), (571, 313, 628, 403);
"pedxing-seq1/00001748.jpg": (161, 129, 208, 236), (571, 61, 601, 0), (569, 313, 626, 403);
"pedxing-seq1/00001752.jpg": (186, 124, 215, 236), (574, 61, 603, 0), (569, 315, 626, 401);
"pedxing-seq1/00001756.jpg": (192, 127, 242, 236), (578, 63, 605, 0), (571, 313, 628, 401);
"pedxing-seq1/00001760.jpg": (251, 233, 197, 131), (603, 61, 580, 0), (571, 313, 630, 403);
"pedxing-seq1/00001764.jpg": (258, 231, 217, 129), (585, 61, 608, 0), (569, 313, 628, 403);
"pedxing-seq1/00001768.jpg": (240, 122, 279, 233), (592, 61, 610, 9), (574, 313, 624, 401);
"pedxing-seq1/00001772.jpg": (301, 231, 242, 127), (138, 238, 99, 152), (590, 63, 610, 0), (569, 315, 628, 401);
"pedxing-seq1/00001776.jpg": (306, 231, 251, 127), (142, 240, 111, 156), (590, 61, 612, 0), (571, 313, 626, 401);
"pedxing-seq1/00001780.jpg": (313, 231, 279, 122), (156, 245, 127, 156), (592, 63, 610, 0), (571, 313, 626, 403);
"pedxing-seq1/00001784.jpg": (288, 229, 338, 124), (167, 247, 131, 161), (571, 313, 624, 403);
"pedxing-seq1/00001788.jpg": (354, 229, 295, 124), (179, 249, 145, 165), (571, 313, 626, 401);
"pedxing-seq1/00001792.jpg": (356, 229, 315, 122), (197, 251, 158, 165), (569, 313, 626, 401);
"pedxing-seq1/00001796.jpg": (369, 229, 331, 118), (208, 256, 158, 170), (569, 313, 628, 401);
"pedxing-seq1/00001800.jpg": (335, 226, 399, 124), (220, 256, 179, 174), (571, 310, 628, 403);
"pedxing-seq1/00001804.jpg": (399, 229, 344, 122), (236, 258, 197, 170), (571, 313, 628, 403);
"pedxing-seq1/00001808.jpg": (410, 226, 367, 118), (249, 265, 211, 174), (569, 313, 628, 401);
"pedxing-seq1/00001812.jpg": (383, 229, 424, 118), (265, 263, 226, 177), (571, 313, 628, 401);
"pedxing-seq1/00001816.jpg": (385, 226, 447, 118), (281, 265, 231, 177), (569, 313, 626, 401);
"pedxing-seq1/00001820.jpg": (399, 224, 451, 118), (290, 267, 251, 177), (569, 313, 628, 403);
"pedxing-seq1/00001824.jpg": (419, 222, 458, 113), (307, 272, 270, 177), (571, 313, 626, 403);
"pedxing-seq1/00001828.jpg": (428, 222, 478, 113), (317, 274, 276, 183), (569, 313, 628, 403);
"pedxing-seq1/00001832.jpg": (297, 272, 331, 183), (431, 224, 490, 115), (567, 313, 628, 401);
"pedxing-seq1/00001836.jpg": (354, 276, 301, 186), (494, 222, 449, 115), (571, 315, 624, 403);
"pedxing-seq1/00001840.jpg": (358, 276, 313, 188), (506, 222, 462, 111), (571, 313, 626, 403);
"pedxing-seq1/00001844.jpg": (369, 281, 333, 183), (476, 224, 526, 111), (569, 313, 630, 401);
"pedxing-seq1/00001848.jpg": (385, 281, 344, 190), (478, 217, 531, 108), (567, 313, 628, 401);
"pedxing-seq1/00001852.jpg": (394, 283, 354, 192), (535, 215, 492, 104), (569, 313, 626, 403);
"pedxing-seq1/00001856.jpg": (408, 285, 369, 192), (506, 215, 546, 106), (569, 310, 626, 403);
"pedxing-seq1/00001860.jpg": (431, 290, 379, 197), (512, 215, 567, 102), (571, 313, 628, 403);
"pedxing-seq1/00001864.jpg": (431, 290, 385, 197), (517, 213, 565, 104), (567, 313, 624, 403);
"pedxing-seq1/00001868.jpg": (440, 288, 406, 199), (531, 204, 569, 99), (571, 313, 626, 401);
"pedxing-seq1/00001872.jpg": (458, 297, 417, 201), (537, 201, 583, 93), (571, 313, 626, 403);
"pedxing-seq1/00001876.jpg": (467, 297, 428, 204), (542, 201, 587, 93), (571, 313, 626, 401);
"pedxing-seq1/00001880.jpg": (442, 297, 478, 201), (546, 197, 596, 90), (569, 310, 628, 401);
"pedxing-seq1/00001884.jpg": (499, 301, 451, 208), (596, 190, 558, 83), (571, 310, 626, 403);
"pedxing-seq1/00001888.jpg": (503, 301, 462, 208), (565, 190, 603, 81), (571, 310, 626, 401);
"pedxing-seq1/00001892.jpg": (474, 301, 517, 208), (562, 188, 603, 79), (567, 310, 626, 401), (140, 226, 93, 124);
"pedxing-seq1/00001896.jpg": (147, 229, 104, 133), (531, 306, 487, 213), (571, 186, 608, 74), (571, 310, 626, 403);
"pedxing-seq1/00001900.jpg": (122, 224, 158, 133), (537, 306, 497, 215), (571, 177, 612, 70), (571, 310, 628, 403);
"pedxing-seq1/00001904.jpg": (177, 229, 127, 136), (553, 306, 512, 215), (571, 177, 610, 68), (569, 310, 628, 403), (587, 49, 612, 0);
"pedxing-seq1/00001908.jpg": (186, 231, 140, 131), (574, 310, 521, 217), (571, 177, 615, 68), (567, 310, 628, 403), (587, 49, 612, 0);
"pedxing-seq1/00001912.jpg": (158, 131, 199, 233), (571, 165, 615, 65), (580, 313, 533, 220), (583, 49, 608, 0), (569, 308, 621, 403);
"pedxing-seq1/00001916.jpg": (213, 233, 167, 140), (571, 56, 612, 165), (549, 215, 590, 315), (583, 47, 605, 0), (571, 308, 628, 403);
"pedxing-seq1/00001920.jpg": (220, 238, 179, 140), (567, 56, 615, 165), (560, 217, 608, 315), (599, 47, 580, 0), (571, 310, 624, 403);
"pedxing-seq1/00001924.jpg": (578, 43, 599, 0), (571, 56, 610, 163), (574, 222, 612, 317), (197, 238, 231, 138), (569, 313, 628, 403);
"pedxing-seq1/00001928.jpg": (574, 47, 599, 0), (254, 238, 201, 131), (569, 52, 612, 156), (585, 315, 624, 224), (571, 313, 626, 403);
"pedxing-seq1/00001932.jpg": (258, 240, 215, 142), (569, 47, 607, 156), (599, 43, 578, 0), (594, 319, 639, 233), (571, 313, 628, 401);
"pedxing-seq1/00001936.jpg": (270, 142, 233, 240), (578, 40, 599, 0), (571, 47, 608, 154), (603, 229, 639, 324), (571, 313, 621, 403);
"pedxing-seq1/00001940.jpg": (285, 242, 240, 142), (574, 36, 599, 0), (569, 43, 603, 152), (571, 310, 624, 403);
"pedxing-seq1/00001944.jpg": (290, 245, 254, 147), (565, 40, 603, 145), (567, 310, 626, 406);
"pedxing-seq1/00001948.jpg": (272, 245, 306, 145), (562, 36, 603, 142), (567, 310, 626, 403);
"pedxing-seq1/00001952.jpg": (326, 247, 276, 149), (565, 38, 601, 142), (565, 313, 624, 403);
"pedxing-seq1/00001956.jpg": (331, 249, 283, 149), (567, 31, 601, 140), (571, 313, 621, 401);
"pedxing-seq1/00001960.jpg": (304, 149, 340, 251), (569, 24, 605, 133), (571, 310, 624, 403);
"pedxing-seq1/00001964.jpg": (354, 254, 313, 154), (569, 29, 603, 131), (571, 310, 624, 403);
"pedxing-seq1/00001968.jpg": (365, 256, 319, 158), (567, 27, 601, 131), (571, 308, 624, 403);
"pedxing-seq1/00001972.jpg": (338, 152, 374, 256), (565, 22, 601, 124), (569, 313, 628, 403);
"pedxing-seq1/00001976.jpg": (389, 260, 347, 158), (562, 18, 599, 120), (571, 310, 626, 403);
"pedxing-seq1/00001980.jpg": (399, 263, 354, 161), (562, 22, 596, 122), (571, 310, 624, 403);
"pedxing-seq1/00001984.jpg": (369, 156, 408, 265), (560, 20, 596, 120), (571, 310, 624, 403);
"pedxing-seq1/00001988.jpg": (419, 265, 374, 167), (560, 13, 594, 113), (571, 310, 624, 401);
"pedxing-seq1/00001992.jpg": (385, 165, 431, 274), (556, 11, 596, 108), (571, 310, 621, 403);
"pedxing-seq1/00001996.jpg": (401, 163, 438, 270), (556, 9, 594, 113), (571, 310, 626, 403);
"pedxing-seq1/00002000.jpg": (401, 163, 438, 270), (556, 9, 594, 113), (571, 310, 626, 403).
