"pedxing-seq2/00003300.jpg": (546, 146, 585, 244), (596, 136, 631, 229), (225, 133, 264, 225), (55, 164, 88, 264), (133, 249, 100, 145), (562, 312, 604, 421), (584, 286, 623, 397);
"pedxing-seq2/00003304.jpg": (528, 138, 572, 247), (579, 136, 616, 234), (237, 118, 280, 216), (108, 146, 148, 249), (54, 164, 95, 266), (561, 310, 602, 419), (583, 288, 624, 397);
"pedxing-seq2/00003308.jpg": (518, 146, 563, 249), (565, 136, 609, 236), (563, 312, 605, 423), (620, 395, 581, 288), (254, 120, 285, 220), (115, 146, 156, 247), (58, 164, 93, 268), (82, 146, 117, 242);
"pedxing-seq2/00003312.jpg": (511, 144, 557, 253), (600, 240, 552, 133), (561, 310, 602, 416), (581, 286, 620, 395), (261, 125, 306, 214), (128, 142, 169, 247), (63, 166, 97, 264), (91, 149, 137, 242);
"pedxing-seq2/00003316.jpg": (498, 144, 542, 247), (537, 138, 585, 240), (559, 310, 602, 416), (579, 286, 620, 397), (317, 212, 269, 118), (134, 144, 171, 244), (111, 151, 145, 240), (60, 164, 106, 266);
"pedxing-seq2/00003320.jpg": (69, 168, 113, 264), (117, 149, 156, 242), (141, 140, 187, 242), (287, 122, 322, 212), (483, 149, 533, 251), (576, 238, 531, 138), (559, 312, 602, 414), (576, 286, 618, 392);
"pedxing-seq2/00003324.jpg": (476, 144, 524, 244), (518, 138, 561, 238), (559, 310, 602, 419), (581, 395, 626, 284), (156, 146, 195, 249), (300, 120, 339, 212), (130, 149, 171, 240), (76, 162, 117, 264);
"pedxing-seq2/00003328.jpg": (468, 142, 507, 247), (505, 138, 546, 240), (563, 308, 607, 414), (581, 284, 620, 388), (311, 125, 357, 214), (169, 144, 206, 240), (143, 146, 185, 240), (84, 166, 126, 264);
"pedxing-seq2/00003332.jpg": (97, 166, 132, 266), (161, 144, 195, 238), (180, 138, 215, 240), (324, 125, 361, 212), (448, 144, 494, 247), (489, 140, 546, 236), (563, 308, 607, 419), (583, 286, 622, 390);
"pedxing-seq2/00003336.jpg": (104, 175, 150, 268), (167, 151, 213, 242), (191, 142, 228, 251), (333, 120, 376, 212), (441, 146, 485, 249), (528, 240, 483, 144), (563, 312, 607, 421), (579, 284, 622, 399);
"pedxing-seq2/00003340.jpg": (561, 312, 605, 416), (581, 288, 622, 399), (431, 146, 476, 249), (468, 138, 513, 240), (343, 125, 394, 212), (182, 151, 219, 238), (200, 249, 239, 149), (119, 166, 158, 271);
"pedxing-seq2/00003344.jpg": (130, 170, 169, 271), (193, 151, 230, 244), (208, 146, 245, 249), (354, 125, 396, 214), (422, 144, 459, 247), (454, 138, 502, 240), (561, 310, 600, 419), (581, 284, 618, 395);
"pedxing-seq2/00003348.jpg": (139, 173, 185, 271), (204, 151, 243, 242), (224, 146, 261, 257), (374, 125, 409, 214), (404, 146, 452, 244), (444, 138, 494, 238), (563, 312, 605, 423), (579, 284, 622, 401);
"pedxing-seq2/00003352.jpg": (148, 173, 191, 271), (224, 155, 272, 255), (376, 125, 421, 214), (396, 149, 441, 249), (431, 142, 474, 240), (561, 310, 602, 423), (579, 286, 620, 397);
"pedxing-seq2/00003356.jpg": (106, 129, 150, 227), (163, 170, 204, 273), (237, 157, 287, 255), (383, 146, 422, 247), (420, 138, 463, 238), (563, 312, 605, 423), (581, 286, 620, 395);
"pedxing-seq2/00003360.jpg": (117, 131, 154, 229), (174, 170, 224, 275), (252, 151, 296, 253), (367, 146, 415, 244), (404, 125, 441, 210), (413, 142, 461, 244), (563, 312, 605, 421), (622, 395, 581, 286);
"pedxing-seq2/00003364.jpg": (132, 129, 171, 236), (185, 175, 230, 273), (267, 153, 304, 260), (359, 146, 409, 249), (398, 140, 444, 238), (417, 125, 454, 216), (561, 314, 605, 427), (579, 286, 624, 399);
"pedxing-seq2/00003368.jpg": (139, 138, 187, 234), (198, 175, 241, 273), (274, 151, 326, 255), (391, 249, 348, 146), (385, 133, 426, 240), (420, 125, 470, 216), (559, 310, 602, 425), (579, 286, 622, 397);
"pedxing-seq2/00003372.jpg": (150, 138, 193, 238), (208, 173, 259, 273), (282, 155, 335, 257), (335, 142, 378, 244), (372, 133, 420, 236), (435, 125, 481, 220), (555, 308, 602, 427), (576, 286, 618, 397);
"pedxing-seq2/00003376.jpg": (163, 136, 206, 240), (219, 173, 267, 271), (293, 157, 339, 257), (328, 144, 374, 244), (361, 140, 413, 240), (454, 122, 494, 220), (563, 310, 609, 423), (579, 284, 622, 401);
"pedxing-seq2/00003380.jpg": (235, 175, 276, 277), (167, 142, 215, 240), (309, 157, 352, 257), (320, 144, 359, 247), (346, 133, 387, 236), (461, 129, 507, 218), (561, 312, 607, 421), (581, 286, 622, 395), (82, 131, 121, 225);
"pedxing-seq2/00003384.jpg": (91, 138, 134, 231), (182, 146, 226, 244), (250, 175, 287, 277), (322, 155, 372, 260), (339, 136, 378, 236), (478, 127, 520, 218), (557, 312, 600, 419), (576, 286, 618, 395);
"pedxing-seq2/00003388.jpg": (100, 138, 145, 236), (195, 144, 232, 249), (256, 177, 306, 277), (296, 144, 339, 236), (333, 153, 380, 255), (496, 129, 533, 220), (565, 312, 607, 414), (579, 290, 620, 392);
"pedxing-seq2/00003392.jpg": (108, 142, 152, 238), (208, 151, 250, 247), (269, 177, 311, 277), (320, 144, 363, 234), (348, 151, 391, 255), (502, 129, 552, 218), (563, 310, 607, 416), (579, 286, 622, 392);
"pedxing-seq2/00003396.jpg": (119, 140, 158, 242), (215, 151, 261, 247), (280, 168, 330, 279), (306, 131, 343, 229), (274, 138, 315, 236), (343, 157, 383, 254), (361, 157, 411, 262), (518, 127, 561, 214), (561, 312, 602, 420), (579, 286, 622, 395);
"pedxing-seq2/00003400.jpg": (128, 151, 171, 249), (226, 160, 267, 249), (265, 144, 304, 230), (300, 136, 337, 231), (298, 186, 341, 280), (394, 160, 357, 250), (372, 155, 420, 260), (542, 125, 581, 220), (563, 310, 605, 421), (579, 284, 620, 392);
"pedxing-seq2/00003404.jpg": (141, 146, 182, 247), (239, 151, 278, 253), (282, 138, 328, 229), (304, 179, 350, 279), (365, 157, 409, 253), (385, 153, 428, 257), (552, 129, 600, 223), (559, 312, 602, 421), (574, 286, 620, 397);
"pedxing-seq2/00003408.jpg": (150, 149, 193, 249), (250, 153, 291, 253), (317, 177, 359, 278), (380, 153, 417, 251), (396, 151, 437, 260), (561, 310, 604, 419), (574, 288, 618, 395), (570, 127, 609, 223);
"pedxing-seq2/00003412.jpg": (63, 127, 108, 234), (161, 157, 208, 253), (230, 138, 269, 238), (256, 151, 300, 251), (330, 177, 378, 279), (389, 155, 428, 249), (407, 151, 452, 257), (563, 312, 600, 416), (576, 281, 618, 388), (587, 131, 626, 220);
"pedxing-seq2/00003416.jpg": (82, 131, 117, 234), (174, 157, 213, 253), (219, 138, 263, 238), (248, 133, 287, 227), (276, 157, 311, 257), (343, 181, 385, 279), (404, 153, 439, 251), (420, 153, 463, 255), (563, 308, 605, 419), (579, 286, 618, 395), (592, 122, 640, 220);
"pedxing-seq2/00003420.jpg": (87, 133, 126, 240), (180, 153, 222, 255), (204, 136, 245, 234), (237, 129, 278, 227), (282, 157, 322, 262), (357, 179, 396, 281), (415, 153, 452, 249), (433, 146, 472, 255), (563, 310, 605, 419), (581, 284, 620, 392);
"pedxing-seq2/00003424.jpg": (100, 140, 141, 242), (198, 155, 239, 255), (293, 162, 339, 260), (224, 127, 267, 227), (365, 179, 417, 281), (426, 153, 468, 251), (448, 149, 489, 257), (561, 310, 607, 416), (576, 286, 620, 392);
"pedxing-seq2/00003428.jpg": (113, 144, 145, 247), (180, 138, 222, 234), (206, 162, 245, 260), (302, 160, 346, 261), (380, 183, 428, 281), (437, 155, 478, 249), (454, 153, 498, 253), (211, 125, 254, 225), (563, 312, 605, 412), (576, 286, 620, 388);
"pedxing-seq2/00003432.jpg": (121, 146, 161, 247), (171, 136, 217, 236), (198, 125, 245, 227), (215, 162, 254, 260), (317, 160, 354, 264), (396, 179, 431, 286), (450, 155, 485, 249), (476, 153, 515, 251), (563, 312, 602, 419), (579, 288, 619, 395);
"pedxing-seq2/00003436.jpg": (130, 151, 176, 249), (161, 133, 198, 236), (187, 129, 228, 227), (230, 166, 274, 260), (324, 162, 367, 264), (407, 183, 450, 284), (461, 155, 500, 251), (481, 144, 520, 253), (559, 310, 602, 419), (576, 284, 618, 397);
"pedxing-seq2/00003440.jpg": (143, 151, 182, 253), (176, 127, 217, 223), (239, 164, 285, 262), (337, 164, 383, 262), (415, 181, 463, 284), (513, 247, 468, 155), (498, 146, 537, 251), (559, 308, 605, 417), (581, 286, 620, 397);
"pedxing-seq2/00003444.jpg": (137, 133, 182, 231), (167, 127, 211, 226), (156, 153, 191, 253), (254, 164, 291, 266), (350, 166, 387, 266), (428, 183, 465, 284), (483, 146, 520, 249), (505, 146, 544, 251), (563, 310, 602, 416), (579, 286, 620, 395);
"pedxing-seq2/00003448.jpg": (126, 131, 167, 236), (152, 125, 195, 227), (161, 151, 204, 255), (261, 166, 304, 266), (363, 162, 404, 271), (439, 183, 487, 288), (491, 153, 537, 251), (520, 149, 559, 251), (563, 308, 607, 416), (576, 286, 620, 397);
"pedxing-seq2/00003452.jpg": (113, 131, 154, 231), (148, 127, 185, 223), (174, 157, 215, 260), (276, 170, 320, 268), (374, 166, 420, 268), (448, 186, 496, 286), (505, 153, 546, 251), (531, 144, 572, 242), (563, 310, 607, 414), (581, 286, 622, 392);
"pedxing-seq2/00003456.jpg": (104, 131, 148, 234), (132, 125, 176, 223), (182, 155, 226, 264), (285, 168, 330, 275), (380, 166, 428, 271), (463, 183, 500, 294), (515, 146, 555, 247), (581, 146, 537, 251), (565, 312, 602, 423), (579, 286, 622, 397);
"pedxing-seq2/00003460.jpg": (124, 131, 171, 227), (97, 129, 139, 231), (194, 162, 245, 262), (300, 170, 339, 273), (396, 164, 435, 273), (476, 186, 518, 290), (522, 144, 561, 236), (548, 151, 596, 249), (561, 312, 605, 423), (620, 397, 579, 286);
"pedxing-seq2/00003464.jpg": (80, 122, 121, 229), (113, 122, 154, 227), (204, 164, 254, 264), (309, 173, 352, 273), (409, 164, 446, 273), (483, 190, 528, 292), (531, 146, 579, 240), (563, 142, 600, 255), (559, 310, 602, 423), (581, 284, 622, 392);
"pedxing-seq2/00003468.jpg": (69, 127, 115, 223), (104, 122, 148, 223), (222, 162, 259, 264), (320, 170, 363, 275), (417, 166, 465, 271), (496, 192, 539, 292), (544, 144, 589, 240), (570, 144, 611, 251), (561, 425, 602, 312), (579, 284, 622, 397);
"pedxing-seq2/00003472.jpg": (102, 122, 143, 225), (63, 125, 104, 218), (232, 166, 274, 268), (337, 173, 374, 273), (474, 275, 431, 166), (513, 188, 550, 290), (561, 144, 598, 236), (583, 142, 622, 249), (561, 312, 602, 423), (581, 288, 620, 401);
"pedxing-seq2/00003476.jpg": (91, 116, 134, 223), (239, 170, 285, 273), (343, 179, 389, 279), (441, 168, 483, 273), (520, 188, 570, 292), (568, 142, 609, 238), (587, 146, 635, 249), (563, 308, 605, 423), (576, 284, 622, 399);
"pedxing-seq2/00003480.jpg": (80, 120, 126, 227), (254, 170, 296, 277), (354, 179, 400, 284), (459, 168, 498, 271), (535, 190, 572, 290), (579, 142, 616, 240), (563, 310, 602, 419), (618, 395, 579, 286);
"pedxing-seq2/00003484.jpg": (78, 122, 121, 225), (269, 170, 304, 275), (370, 179, 407, 281), (465, 170, 513, 268), (548, 190, 587, 290), (563, 310, 605, 421), (581, 284, 622, 395);
"pedxing-seq2/00003488.jpg": (276, 179, 326, 275), (78, 129, 115, 229), (378, 177, 424, 286), (478, 166, 522, 268), (557, 190, 602, 294), (559, 314, 602, 423), (583, 286, 622, 397);
"pedxing-seq2/00003492.jpg": (289, 177, 335, 279), (389, 181, 441, 288), (494, 164, 539, 275), (568, 192, 609, 303), (561, 310, 605, 423), (583, 286, 622, 399), (69, 120, 106, 220);
"pedxing-seq2/00003496.jpg": (306, 166, 346, 279), (404, 183, 450, 286), (507, 166, 550, 268), (579, 194, 616, 299), (563, 312, 602, 419), (583, 286, 622, 392);
"pedxing-seq2/00003500.jpg": (315, 181, 361, 284), (417, 186, 461, 286), (560, 271, 513, 168), (589, 194, 633, 303), (563, 308, 605, 414), (581, 290, 622, 392);
"pedxing-seq2/00003504.jpg": (322, 181, 372, 284), (428, 188, 478, 292), (524, 170, 568, 271), (563, 423, 604, 310), (579, 284, 622, 390), (60, 138, 100, 240);
"pedxing-seq2/00003508.jpg": (341, 179, 383, 286), (439, 190, 487, 297), (535, 164, 579, 271), (559, 308, 600, 423), (579, 284, 620, 395), (71, 136, 118, 242);
"pedxing-seq2/00003512.jpg": (82, 149, 128, 249), (354, 181, 396, 288), (454, 190, 494, 292), (548, 166, 589, 271), (605, 312, 561, 423), (579, 284, 622, 398);
"pedxing-seq2/00003516.jpg": (605, 427, 561, 310), (579, 286, 622, 401), (363, 186, 411, 290), (465, 192, 511, 294), (557, 166, 602, 266), (100, 153, 139, 251);
"pedxing-seq2/00003520.jpg": (108, 157, 154, 253), (374, 186, 422, 290), (474, 194, 524, 297), (563, 168, 609, 268), (561, 310, 607, 419), (579, 286, 622, 395);
"pedxing-seq2/00003524.jpg": (124, 155, 163, 257), (391, 183, 433, 294), (487, 194, 528, 301), (579, 168, 620, 275), (559, 312, 604, 421), (576, 284, 618, 395);
"pedxing-seq2/00003528.jpg": (137, 157, 178, 260), (400, 190, 446, 297), (505, 197, 539, 301), (565, 308, 602, 414), (583, 284, 620, 392), (587, 168, 629, 275);
"pedxing-seq2/00003532.jpg": (198, 262, 148, 162), (411, 194, 459, 297), (511, 201, 559, 303), (563, 312, 608, 415), (576, 288, 620, 397), (594, 170, 635, 271);
"pedxing-seq2/00003536.jpg": (163, 162, 204, 262), (428, 192, 468, 299), (522, 203, 565, 305), (565, 310, 602, 423), (579, 286, 618, 397);
"pedxing-seq2/00003540.jpg": (178, 160, 219, 266), (439, 194, 487, 301), (533, 203, 574, 308), (563, 312, 602, 423), (618, 401, 579, 284);
"pedxing-seq2/00003544.jpg": (185, 166, 232, 264), (450, 199, 498, 303), (544, 205, 589, 310), (563, 310, 605, 421), (579, 286, 620, 397);
"pedxing-seq2/00003548.jpg": (206, 170, 245, 266), (470, 197, 505, 303), (550, 207, 600, 305), (561, 310, 600, 416), (581, 286, 620, 392);
"pedxing-seq2/00003552.jpg": (222, 168, 263, 273), (481, 199, 520, 303), (565, 205, 605, 305), (561, 312, 602, 412), (581, 290, 618, 392);
"pedxing-seq2/00003556.jpg": (226, 179, 276, 275), (489, 203, 535, 303), (574, 207, 616, 308), (565, 312, 602, 416), (581, 286, 618, 390);
"pedxing-seq2/00003560.jpg": (245, 173, 287, 273), (498, 199, 542, 305), (581, 214, 624, 318), (561, 310, 602, 416), (579, 290, 618, 390);
"pedxing-seq2/00003564.jpg": (263, 177, 302, 277), (518, 199, 555, 305), (563, 314, 600, 417), (576, 284, 618, 395), (585, 216, 633, 323);
"pedxing-seq2/00003568.jpg": (272, 181, 317, 279), (524, 203, 574, 308), (594, 218, 637, 321), (561, 310, 605, 419), (576, 286, 620, 392);
"pedxing-seq2/00003572.jpg": (289, 179, 326, 281), (531, 205, 581, 310), (563, 312, 605, 419), (581, 290, 622, 398);
"pedxing-seq2/00003576.jpg": (302, 183, 346, 279), (544, 205, 589, 308), (563, 310, 600, 414), (579, 286, 618, 395);
"pedxing-seq2/00003580.jpg": (309, 183, 359, 286), (561, 203, 600, 310), (602, 423, 559, 312), (579, 286, 618, 388);
"pedxing-seq2/00003584.jpg": (333, 181, 370, 284), (568, 205, 611, 312), (559, 312, 602, 423), (579, 286, 622, 401);
"pedxing-seq2/00003588.jpg": (343, 186, 389, 288), (576, 210, 618, 316), (561, 312, 605, 419), (581, 286, 622, 399);
"pedxing-seq2/00003592.jpg": (357, 188, 402, 290), (589, 207, 629, 316), (605, 423, 563, 312), (579, 288, 620, 399);
"pedxing-seq2/00003596.jpg": (374, 186, 413, 292), (561, 314, 600, 419), (579, 286, 620, 392), (598, 225, 640, 321);
"pedxing-seq2/00003600.jpg": (374, 186, 413, 292), (561, 314, 600, 419), (579, 286, 620, 392), (598, 225, 640, 321).
