500
-22.9436 -12.1017
23.0708 7.89219
-3.4706 -14.7096
-29.087 -11.9973
20.9488 -9.21402
-3.69076 -13.1625
22.2265 -10.7821
19.4858 -12.679
3.83367 9.42675
-27.8314 5.44502
24.6502 12.6197
25.8202 -8.6048
16.9469 13.3666
-21.6949 7.55252
11.5707 -14.7342
-24.8264 5.85895
28.7688 -13.3801
-16.7912 10.5479
27.2016 8.52123
9.94931 14.6851
24.6095 12.3035
25.7791 10.2149
-22.6027 6.36301
-9.37824 12.734
-18.7018 -13.9038
25.9997 -12.5805
3.24892 -14.4133
-25.5869 -13.5773
-22.8271 -10.8627
12.8741 -7.99125
-0.287689 4.32659
-8.62081 10.805
-26.6972 6.00048
17.0781 -7.69953
14.1934 6.5389
-10.5601 -6.27885
14.2511 -12.0016
19.46 9.33212
-21.1578 13.1908
-13.4879 12.1095
-27.5065 -9.43781
28.7904 7.68378
-24.3877 7.69996
-8.80084 -10.5424
-2.59913 -10.8614
-6.48397 -9.20287
21.3551 6.47798
18.9528 -5.7517
-5.72961 13.8975
-15.1217 10.082
-0.526417 0.695194
25.0754 8.43822
2.31434 11.9329
2.244 13.7281
-7.63149 13.1324
11.6646 9.12222
6.89595 -10.4672
26.5217 -14.794
-9.34023 8.93839
13.3679 9.84817
-21.8071 8.87666
0.115787 -3.46439
7.91738 14.7947
-9.22066 9.76851
-20.8232 11.5468
13.4028 5.7104
20.5499 -12.1143
7.68553 -6.20241
3.75217 -5.32491
-24.1604 -9.67594
-1.58431 -13.8193
-18.9399 9.53773
20.2381 12.214
8.77181 -8.13946
-3.25121 8.48238
-28.5256 13.4323
26.4539 -12.7512
-28.3079 -6.38336
24.0346 -9.56554
22.2897 -14.5616
-11.5279 -6.51955
-2.39099 -6.12944
-23.1834 -6.54441
3.09716 7.7942
0.632263 14.923
26.7105 6.29457
-18.5015 11.5822
17.0867 -8.40471
-19.6022 5.56067
-11.4412 -6.82538
-8.39839 -14.1163
-25.6146 8.1687
-4.9935 -14.8962
17.9696 14.0518
15.796 -5.69908
27.9496 -5.82541
20.7085 12.3301
-29.0617 -13.8965
17.8246 9.01252
-14.6024 14.1112
-0.853618 4.72853
-11.0529 8.85257
25.8063 5.27436
19.4726 6.06541
-9.37762 -10.8995
24.5384 -9.4141
26.0661 -5.22755
-18.6206 7.01785
-12.3514 13.5877
-27.3625 -7.20092
-14.4754 11.673
-19.7417 -6.76852
25.553 14.0415
-25.512 -9.52472
20.4076 -7.37381
-8.66049 8.10698
25.8011 -9.59393
-1.65523 -6.78825
-10.9869 8.06276
11.4312 -8.22423
3.09645 -10.6616
-8.46694 10.3725
-12.4834 -6.69926
7.83983 -8.46517
-15.3156 6.16391
-5.97978 -9.50517
-14.0378 -7.78607
8.46666 -11.4365
-9.32145 -8.79529
27.3952 11.8875
-8.91383 -5.53585
13.0989 10.4316
18.3153 -14.6922
22.1333 14.6904
-28.2532 11.3876
-8.57607 9.93035
-8.23832 14.9453
-10.2115 -6.16688
19.2832 -6.40814
-18.5588 -9.81532
6.11202 12.9806
7.30776 -5.39454
-10.1735 12.1445
-13.5619 -14.8695
-18.7829 9.78841
-5.29378 -13.3248
26.1255 -9.80924
-13.6862 -6.05641
-19.7279 -8.34927
0.9677 7.02206
17.2443 6.20447
27.3443 -13.8031
-10.5163 9.56122
19.3835 8.56125
-4.50136 -7.95512
20.4729 -7.77188
10.5428 8.2992
-5.16224 13.4283
-19.8419 14.6233
-24.8295 5.56288
13.2906 11.2074
-14.2289 -14.0476
-20.5746 14.1692
-2.90051 -11.6152
-29.2679 8.29159
-7.49501 7.63783
-6.24001 9.00182
29.3654 -7.88355
6.76486 -12.3416
-27.5925 8.46145
-25.4366 -11.211
-1.95134 8.92702
29.9928 10.7917
-4.44184 -7.11807
11.7532 -7.58285
-7.079 -7.38411
-0.53532 -4.9303
5.61284 9.92227
27.4225 11.9656
-1.96974 13.7076
15.5145 11.7942
29.5904 -9.83741
12.1156 -11.6193
6.43721 -9.55424
18.8192 12.0584
3.17794 -5.85805
18.5799 -14.1534
21.5377 5.10731
-25.6311 9.48009
16.3754 -5.16989
-4.01237 14.7773
28.6629 12.2798
-3.1641 14.1267
-25.1152 -10.5242
-24.9853 11.4277
12.539 5.72593
19.6421 9.91236
-27.5853 6.52777
-23.1558 -11.6082
2.01573 5.49497
9.18282 -5.80442
-29.3499 -12.4148
-12.0543 14.6565
29.7301 7.39081
27.5664 -12.6926
23.7332 -13.7095
14.0329 -14.3915
-22.3697 -5.19924
8.14175 13.6362
-20.5738 10.2196
5.49435 -14.528
14.6926 -6.99232
4.40654 -12.2235
-0.954078 11.1761
7.13389 -13.7838
-22.8608 9.52319
2.07798 -7.61525
-21.3521 -9.89013
-17.9581 -5.96293
-29.3411 8.76812
-10.9818 -6.13621
-4.55473 -13.4911
11.6405 -9.93105
-10.9668 8.27165
4.01337 11.7199
22.0963 -13.4704
15.792 13.4811
29.3947 -12.3869
23.793 -12.7959
6.08712 -14.5339
23.4546 -10.9174
-14.2983 -13.9488
-9.8234 -5.47815
6.77129 5.36254
12.2127 -5.79412
20.863 -14.377
24.6857 13.5257
-2.06435 5.23889
24.0136 14.8855
-26.5963 11.7042
-25.003 13.5984
27.8165 5.54208
28.1289 10.6355
19.2493 -8.08473
23.3735 -11.183
11.5741 -8.22493
-3.3222 13.427
22.745 -13.2755
-18.6328 -6.05958
-8.9751 -7.61456
-18.0324 -10.4472
-22.8939 -9.95177
-29.6232 13.1777
-6.07301 11.8751
-26.0105 -12.2495
-27.645 -14.9773
5.00311 12.9886
-21.6241 -9.39662
-7.20688 -14.1529
12.0961 8.33018
-7.05176 11.7316
-25.4588 6.98657
-21.7658 -7.08481
-5.06394 -6.4494
0.298212 -2.3436
-16.5434 12.1126
-10.9369 -6.27699
18.1133 -13.9594
12.0153 -14.294
-11.7931 10.1956
-17.3812 5.49999
22.0855 12.3575
-2.33967 -7.48314
29.0069 13.2062
18.0319 -10.499
-13.3858 -8.51602
-3.89686 8.45619
11.1376 13.6719
27.0057 5.43194
-6.29259 7.55951
12.9452 10.0582
-14.6484 -12.9264
-23.4445 -11.2814
-7.52915 8.5202
13.4528 12.2246
0.479664 -14.9665
-22.5828 13.2914
16.9793 7.84901
-21.0192 -11.6253
-11.7328 10.963
-13.1136 9.19705
22.5413 13.8635
9.67516 10.7018
1.94281 -13.927
2.80948 12.0517
-8.03632 5.11336
20.6862 -10.5285
7.05993 -10.5167
29.9769 8.02036
-14.284 -5.87792
7.96666 -8.70919
13.8601 12.4265
-2.90893 11.7585
2.75848 -11.6169
14.9206 -12.6494
15.2612 -7.06452
-3.36064 -11.3876
26.0977 -6.33722
14.1542 11.6139
0.989069 7.06559
9.26855 8.35251
-27.6247 -6.38239
29.2866 8.1177
-17.9117 -14.8688
23.7794 12.0127
28.7267 12.4289
-27.9355 5.89409
-2.60625 8.66283
27.6591 12.0166
24.5505 11.8784
-18.6413 -9.64078
-14.2208 12.7564
-26.0537 8.38416
9.64407 6.60741
3.47333 6.0097
-1.74519 -8.73085
3.02235 9.76087
-24.4982 6.13692
2.52094 -11.2169
-5.93798 14.9573
23.9478 9.72123
-14.522 -12.3468
-29.1807 -12.9464
-11.9745 5.2317
17.322 10.7494
-7.51719 8.88603
-5.74116 10.3688
-29.6896 13.6406
10.2594 11.014
-0.308883 -0.207629
-23.9196 -13.894
21.8635 13.0373
-8.51462 -11.3292
8.59873 -13.8998
-4.24651 13.3121
12.6637 -8.46224
18.1231 -12.4267
-29.1524 -8.80902
25.8841 -14.421
-26.6692 -11.9848
-4.91095 5.24092
25.6564 -8.01172
-19.3992 -10.2324
4.48543 14.362
-18.8941 -9.71702
24.5151 8.32976
22.5538 13.923
22.6899 -6.17858
14.8586 10.4263
26.899 -10.9255
16.2534 14.8459
11.929 13.4271
-20.7729 -6.79276
21.7475 -11.658
-22.1561 10.2345
-10.1858 -14.7331
-21.8882 14.071
-0.603497 11.4852
-28.8806 -8.07135
4.37643 7.4129
3.63146 -6.84726
11.68 6.42928
13.9423 5.62119
22.7058 -9.30232
-27.5732 10.3105
3.36358 -9.86467
11.09 11.5889
-19.1955 9.60089
21.3198 5.10048
12.1722 5.1572
-23.5035 6.64583
24.1717 -12.4656
19.8947 10.4314
3.72131 -6.21323
-21.1671 5.2444
12.041 11.3876
4.42859 -11.7711
0.711894 7.61653
-8.87658 13.2589
-0.78254 -10.0403
28.4687 -13.5306
-2.50697 -11.3492
13.4276 -10.233
-29.9232 -12.4206
14.2808 -12.8764
-0.683314 -10.1757
11.7814 -13.1274
-13.8937 -8.75336
18.9783 -9.11709
4.52498 -7.79382
16.3429 -9.6395
19.0757 14.2274
20.2363 -5.85342
-21.6258 9.35248
26.0065 -12.6702
15.4012 13.0416
9.33059 6.05598
12.8802 12.7184
16.2709 13.4001
25.956 13.2985
7.84487 8.09613
-15.1099 8.10954
10.7816 -11.2562
-3.01295 10.2999
-0.265229 -6.7499
-20.5704 -8.69251
-18.0629 -12.9826
14.4735 -5.43011
-11.4435 14.6571
-9.94173 13.2007
-18.9295 -12.6466
21.3074 10.926
-17.8056 -5.85275
12.4519 9.682
15.6121 -8.90668
-24.1358 12.5209
-5.19836 -6.09936
29.0766 -10.3624
10.0196 11.4405
-18.592 6.68892
-18.6509 -10.5068
28.2042 13.3617
-14.7484 6.90814
12.9869 -7.07093
21.5488 9.53823
-28.5177 -6.04261
-12.725 -8.58433
-3.0988 -12.0614
5.25088 5.29721
15.7869 9.76123
-23.518 6.99553
-2.19266 12.578
12.8494 -11.6673
14.5999 -9.07266
7.62464 12.3881
4.86123 8.18194
-13.6395 5.62281
-18.5545 -11.0453
0.322072 -8.53611
-4.17588 8.79853
-4.24088 11.3627
23.4743 -14.495
-28.4647 10.5298
1.93438 7.19238
27.7249 -14.5989
-23.8487 6.16244
-17.3432 6.88795
7.10108 8.75903
0.139773 11.7308
-1.23633 5.79263
-28.6291 14.5429
-8.71782 11.62
-10.5817 -9.09268
3.04179 6.33526
-21.1109 10.4405
14.3425 10.134
-9.38589 7.85672
19.3538 -7.43642
-13.8063 13.3408
-21.5039 14.5553
-11.7175 13.5446
3.68776 11.0063
-12.3835 11.3248
-24.3193 -8.7645
28.1844 -7.97066
11.422 -9.45356
20.0953 -6.58935
13.9217 -11.8555
-16.4972 -10.0048
-20.8989 -14.9082
-10.9119 6.39443
5.43852 -7.16813
-14.3494 11.6007
8.1677 -13.2126
-4.4262 7.90067
-9.74775 7.33094
-1.4098 -8.77581
-8.63354 -12.9856
-24.3999 -6.45835
12.0631 -10.69
12.6172 -7.21309
17.269 -5.93597
20.0068 13.8844
-10.7317 -10.7523
-18.4207 8.92927
21.8873 9.52797
-20.0371 9.55867
-19.9207 -7.21849
-23.7994 11.0712
-5.817 9.40894
1503
0 198
0 282
0 28
0 288
0 340
1 355
1 495
1 330
1 51
1 46
2 92
2 5
2 221
2 70
2 145
3 201
3 393
3 332
3 97
3 349
4 296
4 155
4 373
4 114
4 398
5 221
5 437
5 145
5 163
6 363
6 244
6 230
6 373
6 296
7 66
7 346
7 186
7 267
7 235
8 326
8 471
8 445
8 83
8 177
9 316
9 197
9 32
9 261
9 159
10 20
10 319
10 236
10 314
10 409
11 351
11 116
11 146
11 105
11 78
12 408
12 226
12 93
12 405
12 360
13 60
13 22
13 403
13 440
13 380
14 268
14 396
14 206
14 343
14 182
15 159
15 327
15 455
15 261
15 380
16 390
16 227
16 204
16 151
16 454
17 265
17 49
17 86
17 144
17 494
18 41
18 312
18 51
18 21
18 85
19 277
19 62
19 208
19 361
19 428
20 319
20 314
20 236
20 409
21 330
21 51
21 319
21 355
22 380
22 440
22 455
22 384
23 388
23 419
23 142
23 461
23 54
24 416
24 313
24 420
24 479
24 447
25 404
25 76
25 204
25 151
25 381
26 293
26 210
26 212
26 285
26 303
27 254
27 340
27 349
27 170
27 255
28 282
28 198
28 251
28 217
29 345
29 490
29 433
29 174
29 245
30 100
30 459
30 237
30 199
30 149
31 121
31 461
31 135
31 63
31 260
32 197
32 316
32 261
32 15
33 87
33 491
33 424
33 305
33 400
34 372
34 65
34 195
34 379
34 371
35 137
35 266
35 220
35 80
35 89
36 477
36 394
36 304
36 442
36 392
37 196
37 153
37 382
37 98
37 434
38 162
38 366
38 469
38 286
38 64
39 321
39 482
39 110
39 468
39 472
40 347
40 368
40 113
40 109
40 193
41 312
41 203
41 298
41 241
42 440
42 261
42 91
42 380
42 327
43 104
43 342
43 128
43 493
43 462
44 391
44 163
44 306
44 437
44 389
45 125
45 175
45 154
45 43
45 128
46 378
46 187
46 103
46 153
47 138
47 402
47 476
47 491
47 467
48 157
48 329
48 344
48 190
48 54
49 482
49 110
49 411
49 290
50 339
50 264
50 30
50 100
50 61
51 355
51 330
52 294
52 471
52 224
52 53
52 458
53 294
53 84
53 353
53 224
54 388
54 260
54 461
54 136
55 259
55 423
55 156
55 280
55 59
56 297
56 183
56 127
56 168
56 300
57 348
57 454
57 151
57 76
57 404
58 63
58 115
58 466
58 135
58 152
59 280
59 131
59 423
59 465
59 160
60 403
60 215
60 364
60 464
61 264
61 176
61 339
61 414
61 81
62 208
62 444
62 140
62 277
63 135
63 121
63 152
64 464
64 209
64 364
64 496
65 372
65 195
65 379
65 371
66 363
66 296
66 225
66 6
67 141
67 200
67 73
67 123
67 481
68 185
68 383
68 370
68 481
68 399
69 473
69 193
69 251
69 113
69 282
70 5
70 437
70 285
70 163
71 377
71 144
71 494
71 496
71 209
72 96
72 184
72 421
72 492
72 382
73 300
73 123
73 200
73 119
74 276
74 317
74 449
74 484
74 171
75 460
75 252
75 337
75 134
75 239
76 404
76 204
76 151
76 348
77 435
77 311
77 109
77 368
77 347
78 105
78 373
78 230
78 244
78 116
79 225
79 451
79 247
79 235
79 205
80 89
80 266
80 220
80 122
81 117
81 272
81 176
81 414
81 173
82 488
82 262
82 207
82 362
82 473
83 453
83 369
83 463
83 445
84 179
84 458
84 52
84 294
85 278
85 241
85 102
85 41
86 144
86 265
86 71
86 377
87 400
87 424
87 398
87 243
88 429
88 384
88 107
88 270
88 456
89 266
89 220
89 122
90 487
90 258
90 365
90 342
90 145
91 322
91 261
91 188
91 169
92 221
92 145
92 5
92 258
93 401
93 408
93 360
93 492
94 189
94 417
94 305
94 491
94 211
95 307
95 106
95 474
95 167
95 351
96 341
96 271
96 421
96 492
97 332
97 201
97 393
97 255
98 287
98 153
98 334
98 196
99 468
99 321
99 39
99 108
99 110
100 459
100 237
100 149
100 199
101 223
101 118
101 152
101 269
101 58
102 278
102 241
102 51
102 355
103 378
103 150
103 187
103 153
104 342
104 493
104 128
104 462
105 116
105 146
105 351
106 307
106 351
106 11
106 474
107 429
107 456
107 494
107 270
108 470
108 202
108 418
108 468
108 39
109 311
109 435
109 368
110 482
110 321
110 468
111 497
111 362
111 248
111 148
111 218
112 409
112 236
112 10
112 238
112 20
113 193
113 473
113 170
114 155
114 476
114 467
114 243
114 138
115 466
115 283
115 165
115 485
116 146
116 351
116 359
117 272
117 414
117 325
117 486
118 223
118 485
118 152
118 466
119 245
119 174
119 475
119 345
119 29
120 328
120 375
120 303
120 386
120 212
121 135
121 461
121 58
122 147
122 266
122 220
123 300
123 183
123 297
123 56
124 432
124 446
124 411
124 456
124 270
125 154
125 175
125 173
125 43
126 397
126 275
126 436
126 147
126 122
127 297
127 483
127 168
127 412
128 249
128 462
128 493
129 178
129 318
129 191
129 315
129 242
130 232
130 137
130 35
130 249
130 220
131 280
131 160
131 423
131 465
132 186
132 267
132 346
132 7
132 235
133 356
133 291
133 341
133 238
133 492
134 452
134 374
134 239
134 252
135 335
136 388
136 329
136 419
136 23
137 266
137 220
137 232
137 80
138 476
138 467
138 402
139 320
139 354
139 430
139 250
139 352
140 256
140 444
140 208
140 353
140 224
141 200
141 481
141 73
141 123
142 419
142 461
142 388
142 289
143 161
143 231
143 281
143 331
143 365
144 377
144 494
144 496
145 221
145 258
146 359
146 351
147 299
147 80
147 89
148 415
148 497
148 354
148 320
149 309
149 387
149 453
149 199
149 463
150 287
150 98
150 34
150 153
151 454
151 204
151 390
152 223
152 269
153 196
153 382
153 434
154 173
154 263
154 426
154 272
155 467
155 476
155 243
156 310
156 259
156 323
156 371
157 344
157 329
157 190
157 253
158 162
158 469
158 38
158 366
158 286
159 327
159 455
159 261
159 380
160 308
160 284
160 280
160 385
161 231
161 281
161 331
161 313
162 469
162 366
162 286
163 391
163 437
163 306
164 219
164 169
164 452
164 197
164 374
165 283
165 279
165 335
165 166
166 499
166 335
166 283
166 279
166 336
167 474
167 181
167 427
167 307
168 214
168 483
168 297
169 322
169 219
169 374
169 197
170 193
170 254
170 349
170 282
171 317
171 413
171 276
171 449
172 242
172 191
172 315
172 273
172 318
173 263
173 426
173 272
174 245
174 490
174 345
175 249
175 263
175 426
176 414
176 117
176 264
177 457
177 445
177 471
177 224
178 318
178 191
178 315
178 242
179 441
179 192
179 246
179 302
179 190
180 405
180 308
180 358
180 226
180 301
181 427
181 474
181 227
181 359
182 442
182 489
182 412
182 396
182 222
183 297
183 300
183 481
184 96
184 382
184 334
184 93
185 383
185 370
185 216
185 399
186 267
186 346
186 235
187 378
187 1
187 153
188 322
188 194
188 374
188 42
189 491
189 417
189 305
189 211
190 192
190 344
190 246
191 315
191 273
191 318
191 431
192 246
192 344
192 441
193 282
193 473
194 498
194 425
194 239
194 240
195 379
195 371
195 372
196 382
196 434
196 421
197 316
197 261
198 282
198 251
198 288
199 463
199 324
199 453
199 309
200 123
200 234
201 332
201 393
201 349
202 418
202 470
202 468
202 419
203 298
203 312
203 241
203 18
204 390
204 404
205 451
205 228
205 247
205 381
205 225
206 394
206 304
206 268
206 36
207 262
207 362
207 488
207 111
208 444
208 428
209 464
209 496
209 403
209 377
210 229
210 214
210 168
210 212
211 305
211 417
211 433
211 29
212 386
212 303
212 328
212 168
213 367
213 458
213 441
213 302
213 413
214 483
214 229
214 343
215 364
215 403
215 498
215 464
216 370
216 448
216 383
216 399
217 257
217 415
217 251
217 288
218 422
218 248
218 497
218 362
219 452
219 374
219 134
220 266
221 437
222 475
222 489
222 412
222 245
222 119
223 485
223 466
224 471
224 294
224 256
224 326
225 247
225 235
225 451
226 408
226 405
226 360
227 390
227 204
227 427
227 151
228 381
228 247
228 244
228 451
229 168
229 483
229 343
230 244
230 381
230 373
231 281
231 331
231 313
232 35
232 220
232 266
233 438
233 406
233 410
233 323
233 369
234 490
234 433
234 174
234 417
234 29
235 247
235 66
236 409
236 238
237 459
237 350
237 74
238 356
238 291
239 374
239 452
239 188
240 425
240 286
240 239
240 498
241 278
242 318
242 191
243 467
243 398
243 138
244 381
244 363
245 345
245 475
246 344
246 441
247 451
248 422
248 497
248 362
249 137
249 35
250 430
250 447
250 320
250 354
251 257
251 282
252 337
252 460
252 452
253 260
253 336
253 450
253 54
254 349
254 193
254 340
255 332
255 201
255 349
256 353
256 471
256 294
257 415
257 28
257 148
258 487
258 221
259 423
259 280
259 371
260 461
260 336
261 327
261 322
262 362
262 497
262 415
263 426
263 81
264 339
264 414
265 110
265 482
265 321
267 346
267 235
268 396
268 394
268 182
269 289
269 472
269 290
270 456
270 429
271 341
271 291
271 421
271 356
272 325
272 486
273 431
273 315
273 318
273 178
274 398
274 400
274 346
274 87
274 7
275 397
275 436
275 122
275 147
276 449
276 484
276 317
277 361
277 407
277 376
277 385
278 41
278 18
279 283
279 335
279 484
280 423
280 465
281 331
281 416
283 335
284 301
284 407
284 308
284 385
285 293
285 2
285 303
286 366
286 469
286 425
287 439
287 153
287 37
288 28
288 352
289 472
289 152
289 39
290 101
290 289
290 472
291 356
291 341
292 338
292 428
292 376
292 310
292 385
293 303
293 328
293 212
294 471
294 326
295 165
295 485
295 279
295 466
295 115
296 363
296 398
297 300
298 312
298 172
298 18
299 126
299 122
299 275
299 80
301 308
301 407
301 160
301 405
302 441
302 450
302 413
302 246
303 328
303 386
303 375
304 394
304 477
304 442
305 417
305 424
306 437
306 391
306 5
307 351
307 11
307 474
308 358
309 387
309 453
309 463
310 410
310 323
310 457
310 406
311 435
311 368
311 347
312 172
313 416
313 420
313 479
314 319
314 271
314 236
315 431
315 318
316 169
316 261
317 449
317 413
318 431
319 236
319 409
320 354
320 430
320 352
321 468
321 482
322 42
323 406
323 371
323 410
324 463
324 369
324 83
324 438
325 486
325 389
325 395
326 471
326 83
326 52
327 455
327 380
328 375
328 386
329 190
329 344
330 355
330 495
331 478
332 393
333 480
333 446
333 118
333 485
333 223
334 439
334 180
334 196
335 115
336 499
336 450
337 460
337 134
337 452
338 428
338 376
338 385
338 55
339 30
339 176
340 198
340 282
341 356
342 487
342 493
342 128
343 483
343 168
343 127
345 490
347 368
347 109
347 435
348 151
348 404
348 25
349 193
350 279
350 484
350 295
350 276
352 354
352 430
352 447
353 224
353 294
354 430
355 18
357 402
357 114
357 476
357 155
357 373
358 465
358 439
358 59
359 76
359 25
359 204
360 408
360 405
361 407
361 284
361 376
361 385
362 497
362 148
362 415
363 225
364 403
364 464
364 209
365 487
365 258
365 342
366 469
367 458
367 441
367 302
367 179
368 435
369 445
369 463
369 8
370 383
370 399
371 379
372 379
372 371
373 105
374 452
375 386
375 399
376 385
376 428
377 496
377 494
378 1
378 153
380 440
380 455
381 247
382 421
382 434
383 399
383 481
384 13
384 380
384 455
385 131
385 407
385 280
387 453
387 83
387 199
388 419
388 461
389 395
389 486
389 448
390 454
391 437
391 389
392 489
392 442
392 443
392 477
392 222
393 349
394 477
394 442
395 486
395 448
395 44
396 442
396 412
397 436
397 122
397 147
398 467
398 155
399 481
400 424
400 443
401 492
401 184
401 12
401 72
402 476
402 114
402 467
403 464
404 151
405 408
406 371
406 410
406 156
407 160
408 180
409 178
410 457
410 156
411 432
411 290
411 456
412 489
412 475
412 442
413 450
413 74
414 448
414 272
415 497
416 420
416 447
416 250
417 433
418 470
418 419
418 468
419 470
419 461
420 447
420 430
420 288
421 434
421 495
422 111
422 497
422 362
424 443
425 498
425 239
426 81
427 359
427 474
428 385
428 277
429 456
429 494
430 447
431 178
432 446
432 456
432 290
433 490
433 174
433 345
434 495
436 122
436 89
438 369
438 463
438 445
439 465
439 180
439 98
440 455
440 327
442 477
442 489
443 345
443 29
444 428
444 292
445 457
446 480
446 411
447 139
447 354
448 486
449 484
449 499
450 344
452 169
453 463
454 348
456 494
457 369
458 441
458 294
459 149
459 309
460 134
460 239
462 493
462 249
462 436
464 496
466 485
467 476
470 142
472 482
472 110
473 251
473 488
474 11
474 351
475 489
475 345
478 250
478 139
478 320
478 430
478 447
479 420
479 340
479 288
480 485
480 118
480 223
480 466
481 370
482 468
484 317
487 104
488 262
488 109
490 245
491 138
492 341
494 496
495 382
498 364
498 188
499 335
499 279
